,pair_duration,c2-c1,h2-h1,i2-i1,n2-n1,c1,h1,i1,n1,c2,h2,i2,n2
0,0.2112676056338028,0.0,0.5,0.25,0.5,1.0,0.0,1.0,1.0,0.0,0.0,0.5,1.0
1,0.23474178403755874,0.0,0.5,0.25,0.5,1.0,0.0,1.0,1.0,0.0,0.0,0.5,1.0
2,0.22065727699530518,0.0,0.5,0.25,0.5,1.0,0.0,1.0,1.0,0.0,0.0,0.5,1.0
3,0.18779342723004694,0.0,0.5,0.25,0.5,1.0,0.0,1.0,1.0,0.0,0.0,0.5,1.0
4,0.13615023474178406,0.5,1.0,0.25,0.0,0.0,0.0,0.5,1.0,0.0,1.0,0.0,0.0
5,0.13145539906103287,0.5,1.0,0.25,0.0,0.0,0.0,0.5,1.0,0.0,1.0,0.0,0.0
6,0.17840375586854462,1.0,0.5,0.5,1.0,0.0,1.0,0.0,0.0,1.0,1.0,0.0,1.0
7,0.14553990610328638,1.0,0.5,0.5,1.0,0.0,1.0,0.0,0.0,1.0,1.0,0.0,1.0
8,0.2816901408450704,0.5,0.5,0.75,0.5,1.0,1.0,0.0,1.0,1.0,1.0,0.5,1.0
9,0.23474178403755874,0.5,0.5,0.75,0.5,1.0,1.0,0.0,1.0,1.0,1.0,0.5,1.0
10,0.2723004694835681,0.5,0.5,0.75,0.5,1.0,1.0,0.0,1.0,1.0,1.0,0.5,1.0
11,0.2582159624413145,0.0,0.5,0.75,0.5,1.0,1.0,0.5,1.0,0.0,1.0,1.0,1.0
12,0.31924882629107987,0.0,0.5,0.75,0.5,1.0,1.0,0.5,1.0,0.0,1.0,1.0,1.0
13,0.22065727699530518,0.0,0.5,0.75,0.5,1.0,1.0,0.5,1.0,0.0,1.0,1.0,1.0
14,0.2300469483568075,0.5,0.0,0.5,0.5,0.0,1.0,1.0,1.0,0.0,0.0,1.0,1.0
15,0.22535211267605637,0.5,0.0,0.5,0.5,0.0,1.0,1.0,1.0,0.0,0.0,1.0,1.0
16,0.24882629107981225,0.5,0.0,0.5,0.5,0.0,1.0,1.0,1.0,0.0,0.0,1.0,1.0
17,0.3098591549295775,0.5,0.0,0.5,0.5,0.0,1.0,1.0,1.0,0.0,0.0,1.0,1.0
18,0.06572769953051644,0.0,0.0,0.5,0.5,1.0,1.0,0.5,0.0,0.0,0.0,0.5,0.0
19,0.04225352112676056,0.0,0.0,0.5,0.5,1.0,1.0,0.5,0.0,0.0,0.0,0.5,0.0
20,0.215962441314554,0.5,0.0,0.0,0.0,1.0,1.0,1.0,1.0,1.0,0.0,0.0,0.0
21,0.13145539906103287,0.5,0.0,0.0,0.0,1.0,1.0,1.0,1.0,1.0,0.0,0.0,0.0
22,0.06103286384976525,1.0,1.0,0.5,0.5,0.0,0.0,0.0,0.0,1.0,1.0,0.0,0.0
23,0.1971830985915493,0.0,0.0,0.5,1.0,1.0,1.0,0.0,0.0,0.0,0.0,0.0,1.0
24,0.16431924882629106,0.0,0.0,0.5,1.0,1.0,1.0,0.0,0.0,0.0,0.0,0.0,1.0
25,0.05633802816901412,0.5,0.0,0.5,0.5,1.0,1.0,0.5,0.0,1.0,0.0,0.5,0.0
26,0.07511737089201881,0.5,0.0,0.5,0.5,1.0,1.0,0.5,0.0,1.0,0.0,0.5,0.0
27,0.14553990610328638,0.5,0.0,0.5,0.5,1.0,1.0,0.5,0.0,1.0,0.0,0.5,0.0
28,0.07042253521126762,0.5,0.0,0.5,0.5,1.0,1.0,0.5,0.0,1.0,0.0,0.5,0.0
29,0.1267605633802817,0.5,0.5,0.75,1.0,1.0,0.0,0.5,0.0,1.0,0.0,1.0,1.0
30,0.13145539906103287,0.5,0.5,0.75,1.0,1.0,0.0,0.5,0.0,1.0,0.0,1.0,1.0
31,0.14553990610328638,0.5,0.5,0.75,1.0,1.0,0.0,0.5,0.0,1.0,0.0,1.0,1.0
32,0.15492957746478875,0.5,0.5,0.75,1.0,1.0,0.0,0.5,0.0,1.0,0.0,1.0,1.0
33,0.11267605633802819,0.0,0.5,0.25,0.0,1.0,0.0,1.0,1.0,0.0,0.0,0.5,0.0
34,0.13615023474178406,0.0,0.5,0.25,0.0,1.0,0.0,1.0,1.0,0.0,0.0,0.5,0.0
35,0.051643192488262935,0.5,1.0,0.5,0.5,0.0,0.0,0.5,0.0,0.0,1.0,0.5,0.0
36,0.06572769953051644,0.5,1.0,0.5,0.5,0.0,0.0,0.5,0.0,0.0,1.0,0.5,0.0
37,0.13615023474178406,0.5,0.5,0.25,1.0,0.0,1.0,0.5,0.0,0.0,1.0,0.0,1.0
38,0.14553990610328638,0.5,0.5,0.25,1.0,0.0,1.0,0.5,0.0,0.0,1.0,0.0,1.0
39,0.11737089201877937,0.5,0.5,0.5,0.0,0.0,1.0,0.0,1.0,0.0,1.0,0.0,0.0
40,0.15492957746478875,0.5,0.5,0.5,0.0,0.0,1.0,0.0,1.0,0.0,1.0,0.0,0.0
41,0.11267605633802819,1.0,0.5,0.75,1.0,0.0,1.0,0.5,0.0,1.0,1.0,1.0,1.0
42,0.1220657276995305,1.0,0.5,0.75,1.0,0.0,1.0,0.5,0.0,1.0,1.0,1.0,1.0
43,0.1267605633802817,1.0,0.5,0.75,1.0,0.0,1.0,0.5,0.0,1.0,1.0,1.0,1.0
44,0.22535211267605637,0.5,0.5,0.25,0.5,1.0,1.0,1.0,1.0,1.0,1.0,0.5,1.0
45,0.22065727699530518,0.5,0.0,0.5,0.5,1.0,1.0,0.5,1.0,1.0,0.0,0.5,1.0
46,0.19248826291079812,0.5,0.0,0.5,0.5,1.0,1.0,0.5,1.0,1.0,0.0,0.5,1.0
47,0.16431924882629106,0.5,0.0,0.5,0.5,1.0,1.0,0.5,1.0,1.0,0.0,0.5,1.0
48,0.13615023474178406,0.5,0.5,0.5,1.0,1.0,0.0,0.0,0.0,1.0,0.0,0.0,1.0
49,0.3145539906103286,0.0,0.5,1.0,0.5,1.0,0.0,0.0,1.0,0.0,0.0,1.0,1.0
50,0.17370892018779344,0.0,0.5,1.0,0.5,1.0,0.0,0.0,1.0,0.0,0.0,1.0,1.0
51,0.42723004694835676,1.0,1.0,0.0,0.5,0.0,0.0,1.0,1.0,1.0,1.0,0.0,1.0
52,0.2816901408450704,1.0,1.0,0.0,0.5,0.0,0.0,1.0,1.0,1.0,1.0,0.0,1.0
53,0.16901408450704225,1.0,1.0,0.0,0.5,0.0,0.0,1.0,1.0,1.0,1.0,0.0,1.0
54,0.2816901408450704,0.0,0.5,1.0,0.5,1.0,1.0,0.0,1.0,0.0,1.0,1.0,1.0
55,0.10328638497652581,0.5,0.0,0.25,1.0,0.0,1.0,1.0,0.0,0.0,0.0,0.5,1.0
56,0.17840375586854462,0.0,0.5,0.75,1.0,1.0,1.0,0.0,0.0,0.0,1.0,0.5,1.0
57,0.20657276995305163,1.0,0.0,0.75,0.5,0.0,1.0,0.5,1.0,1.0,0.0,1.0,1.0
58,0.23943661971830987,1.0,0.0,0.75,0.5,0.0,1.0,0.5,1.0,1.0,0.0,1.0,1.0
59,0.08450704225352113,0.5,0.5,1.0,0.5,0.0,1.0,0.0,0.0,0.0,1.0,1.0,0.0
60,0.14084507042253525,0.5,0.5,1.0,0.5,0.0,1.0,0.0,0.0,0.0,1.0,1.0,0.0
61,0.1220657276995305,0.0,0.5,0.5,0.0,1.0,0.0,0.0,1.0,0.0,0.0,0.0,0.0
62,0.107981220657277,0.0,0.5,0.5,0.0,1.0,0.0,0.0,1.0,0.0,0.0,0.0,0.0
63,0.13145539906103287,0.5,0.5,0.5,1.0,0.0,0.0,0.0,0.0,0.0,0.0,0.0,1.0
64,0.11737089201877937,0.5,0.5,1.0,0.0,0.0,0.0,0.0,1.0,0.0,0.0,1.0,0.0
65,0.1267605633802817,1.0,0.5,0.5,0.5,0.0,1.0,0.5,0.0,1.0,1.0,0.5,0.0
66,0.05633802816901412,0.5,0.5,0.75,0.5,0.0,0.0,0.0,0.0,0.0,0.0,0.5,0.0
67,0.16431924882629106,0.5,1.0,0.75,1.0,0.0,0.0,0.5,0.0,0.0,1.0,1.0,1.0
68,0.17840375586854462,0.5,1.0,0.75,1.0,0.0,0.0,0.5,0.0,0.0,1.0,1.0,1.0
69,0.11267605633802819,0.5,1.0,0.75,1.0,0.0,0.0,0.5,0.0,0.0,1.0,1.0,1.0
70,0.13145539906103287,0.5,1.0,0.75,1.0,0.0,0.0,0.5,0.0,0.0,1.0,1.0,1.0
71,0.15023474178403756,0.5,0.5,0.0,0.0,0.0,1.0,1.0,1.0,0.0,1.0,0.0,0.0
72,0.11737089201877937,0.5,0.5,0.0,0.0,0.0,1.0,1.0,1.0,0.0,1.0,0.0,0.0
73,0.15492957746478875,0.5,0.5,0.0,0.0,0.0,1.0,1.0,1.0,0.0,1.0,0.0,0.0
74,0.14084507042253525,0.5,0.5,0.25,1.0,1.0,0.0,1.0,0.0,1.0,0.0,0.5,1.0
75,0.19248826291079812,0.5,0.5,0.25,1.0,1.0,0.0,1.0,0.0,1.0,0.0,0.5,1.0
76,0.27699530516431925,0.0,1.0,0.25,0.5,1.0,0.0,0.5,1.0,0.0,1.0,0.0,1.0
77,0.23474178403755874,0.0,1.0,0.25,0.5,1.0,0.0,0.5,1.0,0.0,1.0,0.0,1.0
78,0.23474178403755874,1.0,0.0,0.5,0.5,0.0,1.0,0.0,1.0,1.0,0.0,0.0,1.0
79,0.26291079812206575,1.0,0.0,0.5,0.5,0.0,1.0,0.0,1.0,1.0,0.0,0.0,1.0
80,0.2863849765258216,1.0,0.0,0.5,0.5,0.0,1.0,0.0,1.0,1.0,0.0,0.0,1.0
81,0.16901408450704225,0.5,0.5,0.5,1.0,1.0,0.0,1.0,0.0,1.0,0.0,1.0,1.0
82,0.2018779342723005,1.0,1.0,0.25,0.0,0.0,0.0,1.0,1.0,1.0,1.0,0.5,0.0
83,0.06572769953051644,0.0,0.5,0.5,0.5,1.0,0.0,0.0,0.0,0.0,0.0,0.0,0.0
84,0.023474178403755874,0.0,0.5,0.5,0.5,1.0,0.0,0.0,0.0,0.0,0.0,0.0,0.0
85,0.13615023474178406,1.0,1.0,0.75,0.0,0.0,0.0,0.0,1.0,1.0,1.0,0.5,0.0
86,0.1267605633802817,1.0,1.0,0.75,0.0,0.0,0.0,0.0,1.0,1.0,1.0,0.5,0.0
87,0.1220657276995305,1.0,0.0,0.0,1.0,0.0,1.0,1.0,0.0,1.0,0.0,0.0,1.0
88,0.15023474178403756,1.0,0.0,0.0,1.0,0.0,1.0,1.0,0.0,1.0,0.0,0.0,1.0
89,0.04225352112676056,0.5,1.0,0.25,0.5,0.0,0.0,1.0,0.0,0.0,1.0,0.5,0.0
90,0.08450704225352113,0.5,1.0,0.25,0.5,0.0,0.0,1.0,0.0,0.0,1.0,0.5,0.0
91,0.051643192488262935,0.5,1.0,0.25,0.5,0.0,0.0,1.0,0.0,0.0,1.0,0.5,0.0
92,0.15492957746478875,0.5,0.5,0.75,1.0,0.0,0.0,0.5,0.0,0.0,0.0,1.0,1.0
93,0.15023474178403756,0.5,0.5,0.75,1.0,0.0,0.0,0.5,0.0,0.0,0.0,1.0,1.0
94,0.13145539906103287,1.0,0.5,0.25,0.0,0.0,0.0,1.0,1.0,1.0,0.0,0.5,0.0
95,0.22065727699530518,1.0,0.5,0.25,0.0,0.0,0.0,1.0,1.0,1.0,0.0,0.5,0.0
96,0.04694835680751175,0.5,1.0,0.75,0.5,1.0,0.0,0.5,0.0,1.0,1.0,1.0,0.0
97,0.16901408450704225,0.5,0.0,0.75,1.0,1.0,1.0,0.5,0.0,1.0,0.0,1.0,1.0
98,0.1267605633802817,0.0,1.0,0.0,0.0,1.0,0.0,1.0,1.0,0.0,1.0,0.0,0.0
99,0.10328638497652581,0.0,1.0,0.0,0.0,1.0,0.0,1.0,1.0,0.0,1.0,0.0,0.0
100,0.2300469483568075,0.5,1.0,0.25,0.5,0.0,0.0,0.5,1.0,0.0,1.0,0.0,1.0
101,0.26291079812206575,0.5,1.0,0.25,0.5,0.0,0.0,0.5,1.0,0.0,1.0,0.0,1.0
102,0.1267605633802817,1.0,0.5,0.5,0.0,0.0,1.0,0.0,1.0,1.0,1.0,0.0,0.0
103,0.2018779342723005,1.0,0.5,0.5,0.0,0.0,1.0,0.0,1.0,1.0,1.0,0.0,0.0
104,0.0938967136150235,0.5,0.5,1.0,1.0,1.0,1.0,0.0,0.0,1.0,1.0,1.0,1.0
105,0.1830985915492958,0.5,0.5,1.0,1.0,1.0,1.0,0.0,0.0,1.0,1.0,1.0,1.0
106,0.14084507042253525,0.5,0.5,1.0,1.0,1.0,1.0,0.0,0.0,1.0,1.0,1.0,1.0
107,0.2816901408450704,0.5,0.5,1.0,1.0,1.0,1.0,0.0,0.0,1.0,1.0,1.0,1.0
108,0.08920187793427231,0.5,0.5,1.0,1.0,1.0,1.0,0.0,0.0,1.0,1.0,1.0,1.0
109,0.15492957746478875,0.5,0.0,0.5,0.0,1.0,1.0,1.0,1.0,1.0,0.0,1.0,0.0
110,0.11267605633802819,0.5,0.0,0.5,0.0,1.0,1.0,1.0,1.0,1.0,0.0,1.0,0.0
111,0.13145539906103287,0.0,0.5,0.75,1.0,1.0,0.0,0.5,0.0,0.0,0.0,1.0,1.0
112,0.29107981220657275,0.5,0.5,0.25,0.5,1.0,1.0,0.5,1.0,1.0,1.0,0.0,1.0
113,0.22065727699530518,0.5,0.5,0.25,0.5,1.0,1.0,0.5,1.0,1.0,1.0,0.0,1.0
114,0.18779342723004694,0.0,0.5,0.5,0.0,1.0,1.0,0.0,1.0,0.0,1.0,0.0,0.0
115,0.107981220657277,1.0,0.5,0.5,0.5,0.0,1.0,0.0,0.0,1.0,1.0,0.0,0.0
116,0.04694835680751175,1.0,0.5,0.5,0.5,0.0,1.0,0.0,0.0,1.0,1.0,0.0,0.0
117,0.13615023474178406,1.0,0.5,0.5,0.5,0.0,1.0,0.0,0.0,1.0,1.0,0.0,0.0
118,0.1971830985915493,0.0,0.5,1.0,1.0,1.0,1.0,0.0,0.0,0.0,1.0,1.0,1.0
119,0.15492957746478875,0.0,0.5,1.0,1.0,1.0,1.0,0.0,0.0,0.0,1.0,1.0,1.0
120,0.15023474178403756,1.0,0.0,0.5,0.0,0.0,1.0,1.0,1.0,1.0,0.0,1.0,0.0
121,0.244131455399061,0.5,1.0,0.75,0.5,0.0,0.0,0.0,1.0,0.0,1.0,0.5,1.0
122,0.14553990610328638,0.5,1.0,0.75,0.5,0.0,0.0,0.0,1.0,0.0,1.0,0.5,1.0
123,0.14084507042253525,0.5,0.5,0.75,0.0,0.0,1.0,0.5,1.0,0.0,1.0,1.0,0.0
124,0.032863849765258246,0.5,0.0,0.0,0.5,0.0,1.0,1.0,0.0,0.0,0.0,0.0,0.0
125,0.05633802816901412,0.5,0.0,0.0,0.5,0.0,1.0,1.0,0.0,0.0,0.0,0.0,0.0
126,0.07511737089201881,0.5,0.0,0.0,0.5,0.0,1.0,1.0,0.0,0.0,0.0,0.0,0.0
127,0.14553990610328638,0.5,0.0,0.75,0.5,1.0,1.0,0.0,1.0,1.0,0.0,0.5,1.0
128,0.23474178403755874,0.5,0.0,0.75,0.5,1.0,1.0,0.0,1.0,1.0,0.0,0.5,1.0
129,0.2018779342723005,0.5,1.0,0.5,0.5,0.0,0.0,0.5,1.0,0.0,1.0,0.5,1.0
130,0.1971830985915493,0.5,1.0,0.5,0.5,0.0,0.0,0.5,1.0,0.0,1.0,0.5,1.0
131,0.16901408450704225,0.5,1.0,0.5,0.5,0.0,0.0,0.5,1.0,0.0,1.0,0.5,1.0
132,0.23943661971830987,0.5,1.0,0.5,0.5,0.0,0.0,0.5,1.0,0.0,1.0,0.5,1.0
133,0.05633802816901412,0.0,0.5,1.0,0.5,1.0,1.0,0.0,0.0,0.0,1.0,1.0,0.0
134,0.14084507042253525,1.0,0.0,0.5,1.0,0.0,1.0,1.0,0.0,1.0,0.0,1.0,1.0
135,0.15492957746478875,1.0,0.0,0.5,1.0,0.0,1.0,1.0,0.0,1.0,0.0,1.0,1.0
136,0.22535211267605637,0.5,1.0,0.5,0.5,1.0,0.0,1.0,1.0,1.0,1.0,1.0,1.0
137,0.17840375586854462,0.5,1.0,0.5,0.5,1.0,0.0,1.0,1.0,1.0,1.0,1.0,1.0
138,0.2535211267605634,0.5,1.0,0.5,0.5,1.0,0.0,1.0,1.0,1.0,1.0,1.0,1.0
139,0.15492957746478875,0.5,1.0,0.5,0.5,1.0,0.0,1.0,1.0,1.0,1.0,1.0,1.0
140,0.1267605633802817,0.5,0.0,0.25,0.0,1.0,1.0,1.0,1.0,1.0,0.0,0.5,0.0
141,0.17370892018779344,0.5,0.0,0.25,0.0,1.0,1.0,1.0,1.0,1.0,0.0,0.5,0.0
142,0.1220657276995305,0.0,0.5,0.25,1.0,1.0,0.0,1.0,0.0,0.0,0.0,0.5,1.0
143,0.1971830985915493,0.0,0.5,0.25,1.0,1.0,0.0,1.0,0.0,0.0,0.0,0.5,1.0
144,0.14553990610328638,0.0,0.5,0.25,1.0,1.0,0.0,1.0,0.0,0.0,0.0,0.5,1.0
145,0.1830985915492958,0.0,0.5,0.25,1.0,1.0,0.0,1.0,0.0,0.0,0.0,0.5,1.0
146,0.13615023474178406,0.5,1.0,0.75,0.0,0.0,0.0,0.5,1.0,0.0,1.0,1.0,0.0
147,0.1220657276995305,0.5,1.0,0.75,0.0,0.0,0.0,0.5,1.0,0.0,1.0,1.0,0.0
148,0.09859154929577468,0.5,0.5,0.5,1.0,0.0,1.0,1.0,0.0,0.0,1.0,1.0,1.0
149,0.19248826291079812,0.5,0.5,0.5,1.0,0.0,1.0,1.0,0.0,0.0,1.0,1.0,1.0
150,0.3004694835680751,1.0,0.5,0.0,0.5,0.0,1.0,1.0,1.0,1.0,1.0,0.0,1.0
151,0.2300469483568075,1.0,0.5,0.0,0.5,0.0,1.0,1.0,1.0,1.0,1.0,0.0,1.0
152,0.13145539906103287,0.0,1.0,0.75,0.0,1.0,0.0,0.0,1.0,0.0,1.0,0.5,0.0
153,0.08450704225352113,1.0,0.5,0.75,0.5,0.0,1.0,0.5,0.0,1.0,1.0,1.0,0.0
154,0.09859154929577468,0.5,0.0,0.25,0.5,1.0,1.0,1.0,0.0,1.0,0.0,0.5,0.0
155,0.07042253521126762,0.5,0.0,0.25,0.5,1.0,1.0,1.0,0.0,1.0,0.0,0.5,0.0
156,0.13615023474178406,0.5,1.0,0.75,1.0,1.0,0.0,0.5,0.0,1.0,1.0,1.0,1.0
157,0.15962441314553993,0.0,0.0,0.25,0.0,1.0,1.0,1.0,1.0,0.0,0.0,0.5,0.0
158,0.2112676056338028,0.0,0.0,0.25,0.0,1.0,1.0,1.0,1.0,0.0,0.0,0.5,0.0
159,0.20657276995305163,0.5,1.0,0.5,1.0,0.0,0.0,0.5,0.0,0.0,1.0,0.5,1.0
160,0.13145539906103287,0.5,1.0,0.5,1.0,0.0,0.0,1.0,0.0,0.0,1.0,1.0,1.0
161,0.15962441314553993,0.5,1.0,0.5,1.0,0.0,0.0,1.0,0.0,0.0,1.0,1.0,1.0
162,0.15962441314553993,0.5,0.5,0.75,0.0,0.0,0.0,0.0,1.0,0.0,0.0,0.5,0.0
163,0.13615023474178406,0.5,0.5,0.75,0.0,0.0,0.0,0.0,1.0,0.0,0.0,0.5,0.0
164,0.15492957746478875,1.0,0.5,0.75,0.0,0.0,0.0,0.5,1.0,1.0,0.0,1.0,0.0
165,0.10328638497652581,1.0,0.5,0.75,0.0,0.0,0.0,0.5,1.0,1.0,0.0,1.0,0.0
166,0.1267605633802817,0.0,1.0,0.0,0.5,1.0,0.0,1.0,0.0,0.0,1.0,0.0,0.0
167,0.051643192488262935,0.0,1.0,0.0,0.5,1.0,0.0,1.0,0.0,0.0,1.0,0.0,0.0
168,0.05633802816901412,0.5,1.0,0.75,0.5,0.0,0.0,0.0,0.0,0.0,1.0,0.5,0.0
169,0.107981220657277,0.5,0.5,0.75,0.5,0.0,1.0,0.5,0.0,0.0,1.0,1.0,0.0
170,0.07511737089201881,0.5,0.5,0.75,0.5,0.0,1.0,0.5,0.0,0.0,1.0,1.0,0.0
171,0.06572769953051644,1.0,0.5,0.0,0.5,0.0,0.0,1.0,0.0,1.0,0.0,0.0,0.0
172,0.11737089201877937,0.5,1.0,0.75,1.0,1.0,0.0,0.0,0.0,1.0,1.0,0.5,1.0
173,0.0938967136150235,0.5,1.0,0.75,1.0,1.0,0.0,0.0,0.0,1.0,1.0,0.5,1.0
174,0.17370892018779344,1.0,0.0,0.75,0.0,0.0,1.0,0.0,1.0,1.0,0.0,0.5,0.0
175,0.1830985915492958,1.0,0.0,0.75,0.0,0.0,1.0,0.0,1.0,1.0,0.0,0.5,0.0
176,0.16431924882629106,0.0,1.0,0.25,1.0,1.0,0.0,1.0,0.0,0.0,1.0,0.5,1.0
177,0.15492957746478875,0.0,1.0,0.25,1.0,1.0,0.0,1.0,0.0,0.0,1.0,0.5,1.0
178,0.1971830985915493,0.0,1.0,0.25,1.0,1.0,0.0,1.0,0.0,0.0,1.0,0.5,1.0
179,0.08920187793427231,0.0,1.0,0.25,1.0,1.0,0.0,1.0,0.0,0.0,1.0,0.5,1.0
180,0.11737089201877937,0.0,1.0,0.25,1.0,1.0,0.0,1.0,0.0,0.0,1.0,0.5,1.0
181,0.17370892018779344,0.0,1.0,0.25,1.0,1.0,0.0,1.0,0.0,0.0,1.0,0.5,1.0
182,0.14553990610328638,0.5,0.5,0.25,0.0,0.0,1.0,0.5,1.0,0.0,1.0,0.0,0.0
183,0.23474178403755874,0.5,0.5,0.25,0.0,0.0,1.0,0.5,1.0,0.0,1.0,0.0,0.0
184,0.13145539906103287,0.5,0.0,0.5,0.5,0.0,1.0,0.0,0.0,0.0,0.0,0.0,0.0
185,0.20657276995305163,1.0,0.0,0.75,0.5,0.0,1.0,0.0,1.0,1.0,0.0,0.5,1.0
186,0.18779342723004694,1.0,0.0,0.75,0.5,0.0,1.0,0.0,1.0,1.0,0.0,0.5,1.0
187,0.22065727699530518,1.0,0.0,0.75,0.5,0.0,1.0,0.0,1.0,1.0,0.0,0.5,1.0
188,0.3004694835680751,1.0,0.0,0.75,0.5,0.0,1.0,0.0,1.0,1.0,0.0,0.5,1.0
189,0.1971830985915493,1.0,0.0,0.75,0.5,0.0,1.0,0.0,1.0,1.0,0.0,0.5,1.0
190,0.13615023474178406,0.5,0.5,0.25,1.0,0.0,0.0,0.5,0.0,0.0,0.0,0.0,1.0
191,0.17370892018779344,1.0,0.5,0.5,0.5,0.0,0.0,0.0,1.0,1.0,0.0,0.0,1.0
192,0.16901408450704225,0.5,1.0,0.75,0.5,1.0,0.0,0.0,1.0,1.0,1.0,0.5,1.0
193,0.34272300469483563,0.5,1.0,0.75,0.5,1.0,0.0,0.0,1.0,1.0,1.0,0.5,1.0
194,0.2300469483568075,0.5,1.0,0.75,0.5,1.0,0.0,0.0,1.0,1.0,1.0,0.5,1.0
195,0.19248826291079812,0.5,1.0,0.75,0.5,1.0,0.0,0.0,1.0,1.0,1.0,0.5,1.0
196,0.13615023474178406,0.5,0.0,0.5,0.0,1.0,1.0,0.5,1.0,1.0,0.0,0.5,0.0
197,0.16431924882629106,0.5,0.0,0.5,0.0,1.0,1.0,0.5,1.0,1.0,0.0,0.5,0.0
198,0.13145539906103287,0.5,1.0,0.25,1.0,1.0,0.0,0.5,0.0,1.0,1.0,0.0,1.0
199,0.19248826291079812,0.5,1.0,0.25,1.0,1.0,0.0,0.5,0.0,1.0,1.0,0.0,1.0
200,0.17370892018779344,0.5,1.0,0.25,1.0,1.0,0.0,0.5,0.0,1.0,1.0,0.0,1.0
201,0.13145539906103287,0.5,0.5,0.5,0.0,1.0,1.0,0.0,1.0,1.0,1.0,0.0,0.0
202,0.23474178403755874,0.5,0.5,0.5,0.0,1.0,1.0,0.0,1.0,1.0,1.0,0.0,0.0
203,0.26291079812206575,0.5,0.5,0.5,0.0,1.0,1.0,0.0,1.0,1.0,1.0,0.0,0.0
204,0.14553990610328638,0.5,0.0,1.0,1.0,1.0,1.0,0.0,0.0,1.0,0.0,1.0,1.0
205,0.16431924882629106,0.5,0.0,1.0,1.0,1.0,1.0,0.0,0.0,1.0,0.0,1.0,1.0
206,0.13145539906103287,0.5,0.0,1.0,1.0,1.0,1.0,0.0,0.0,1.0,0.0,1.0,1.0
207,0.17840375586854462,0.5,0.0,0.25,0.5,1.0,1.0,0.5,1.0,1.0,0.0,0.0,1.0
208,0.2582159624413145,0.5,0.0,0.25,0.5,1.0,1.0,0.5,1.0,1.0,0.0,0.0,1.0
209,0.244131455399061,0.5,0.0,0.25,0.5,1.0,1.0,0.5,1.0,1.0,0.0,0.0,1.0
210,0.1220657276995305,0.5,1.0,0.75,0.0,1.0,0.0,0.0,1.0,1.0,1.0,0.5,0.0
211,0.0938967136150235,0.5,1.0,0.75,0.0,1.0,0.0,0.0,1.0,1.0,1.0,0.5,0.0
212,0.17370892018779344,0.0,0.0,0.25,1.0,1.0,1.0,0.5,0.0,0.0,0.0,0.0,1.0
213,0.22065727699530518,1.0,0.5,0.75,0.5,0.0,0.0,0.0,1.0,1.0,0.0,0.5,1.0
214,0.13145539906103287,1.0,0.5,0.75,0.5,0.0,0.0,0.0,1.0,1.0,0.0,0.5,1.0
215,0.24882629107981225,0.0,0.5,0.75,0.5,1.0,0.0,0.5,1.0,0.0,0.0,1.0,1.0
216,0.23474178403755874,0.0,0.5,0.75,0.5,1.0,0.0,0.5,1.0,0.0,0.0,1.0,1.0
217,0.1830985915492958,0.0,0.5,0.75,0.5,1.0,0.0,0.5,1.0,0.0,0.0,1.0,1.0
218,0.2300469483568075,1.0,0.5,0.0,0.0,0.0,0.0,1.0,1.0,1.0,0.0,0.0,0.0
219,0.11737089201877937,1.0,0.5,0.0,0.0,0.0,0.0,1.0,1.0,1.0,0.0,0.0,0.0
220,0.22065727699530518,0.5,0.5,0.75,0.5,0.0,1.0,0.0,1.0,0.0,1.0,0.5,1.0
221,0.2018779342723005,0.5,0.5,0.75,0.5,0.0,1.0,0.0,1.0,0.0,1.0,0.5,1.0
222,0.17370892018779344,1.0,0.0,1.0,1.0,0.0,1.0,0.0,0.0,1.0,0.0,1.0,1.0
223,0.14084507042253525,1.0,0.0,1.0,1.0,0.0,1.0,0.0,0.0,1.0,0.0,1.0,1.0
224,0.13615023474178406,1.0,0.0,1.0,1.0,0.0,1.0,0.0,0.0,1.0,0.0,1.0,1.0
225,0.23943661971830987,0.0,1.0,0.5,0.0,1.0,0.0,0.5,1.0,0.0,1.0,0.5,0.0
226,0.107981220657277,0.0,1.0,0.5,0.0,1.0,0.0,0.5,1.0,0.0,1.0,0.5,0.0
227,0.2582159624413145,1.0,0.5,0.5,0.5,0.0,0.0,1.0,0.0,1.0,0.0,1.0,0.0
228,0.07042253521126762,1.0,0.5,0.5,0.5,0.0,0.0,1.0,0.0,1.0,0.0,1.0,0.0
229,0.08920187793427231,1.0,0.5,0.5,0.5,0.0,0.0,1.0,0.0,1.0,0.0,1.0,0.0
230,0.295774647887324,0.5,1.0,0.5,1.0,1.0,0.0,1.0,0.0,1.0,1.0,1.0,1.0
231,0.2535211267605634,0.5,1.0,0.5,1.0,1.0,0.0,1.0,0.0,1.0,1.0,1.0,1.0
232,0.15962441314553993,0.5,1.0,0.5,1.0,1.0,0.0,1.0,0.0,1.0,1.0,1.0,1.0
233,0.16431924882629106,0.5,1.0,1.0,1.0,0.0,0.0,0.0,0.0,0.0,1.0,1.0,1.0
234,0.13145539906103287,0.5,1.0,1.0,1.0,0.0,0.0,0.0,0.0,0.0,1.0,1.0,1.0
235,0.15962441314553993,0.5,1.0,1.0,1.0,0.0,0.0,0.0,0.0,0.0,1.0,1.0,1.0
236,0.14553990610328638,0.5,1.0,1.0,1.0,0.0,0.0,0.0,0.0,0.0,1.0,1.0,1.0
237,0.17840375586854462,0.5,0.5,0.25,1.0,1.0,1.0,0.5,0.0,1.0,1.0,0.0,1.0
238,0.2112676056338028,0.5,0.5,0.25,1.0,1.0,1.0,0.5,0.0,1.0,1.0,0.0,1.0
239,0.18779342723004694,0.0,0.0,0.5,0.0,1.0,1.0,0.0,1.0,0.0,0.0,0.0,0.0
240,0.10328638497652581,0.5,0.0,0.75,1.0,0.0,1.0,0.5,0.0,0.0,0.0,1.0,1.0
241,0.16431924882629106,0.5,0.0,0.75,1.0,0.0,1.0,0.5,0.0,0.0,0.0,1.0,1.0
242,0.14084507042253525,1.0,0.0,0.0,0.0,0.0,1.0,1.0,1.0,1.0,0.0,0.0,0.0
243,0.07511737089201881,1.0,0.5,0.5,0.5,0.0,0.0,0.5,0.0,1.0,0.0,0.5,0.0
244,0.05633802816901412,0.5,1.0,0.5,0.5,1.0,0.0,0.5,0.0,1.0,1.0,0.5,0.0
245,0.08920187793427231,0.5,1.0,0.5,0.5,1.0,0.0,0.5,0.0,1.0,1.0,0.5,0.0
246,0.051643192488262935,0.0,0.5,0.75,0.5,1.0,1.0,0.5,0.0,0.0,1.0,1.0,0.0
247,0.0938967136150235,0.0,0.5,0.75,0.5,1.0,1.0,0.5,0.0,0.0,1.0,1.0,0.0
248,0.215962441314554,1.0,0.5,1.0,0.5,0.0,0.0,0.0,1.0,1.0,0.0,1.0,1.0
249,0.20657276995305163,1.0,0.5,1.0,0.5,0.0,0.0,0.0,1.0,1.0,0.0,1.0,1.0
250,0.15492957746478875,0.0,1.0,0.25,0.0,1.0,0.0,1.0,1.0,0.0,1.0,0.5,0.0
251,0.14084507042253525,0.0,1.0,0.25,0.0,1.0,0.0,1.0,1.0,0.0,1.0,0.5,0.0
252,0.15023474178403756,0.0,1.0,0.25,0.0,1.0,0.0,1.0,1.0,0.0,1.0,0.5,0.0
253,0.13145539906103287,0.0,1.0,0.25,0.0,1.0,0.0,1.0,1.0,0.0,1.0,0.5,0.0
254,0.107981220657277,0.5,0.0,0.5,1.0,0.0,1.0,0.5,0.0,0.0,0.0,0.5,1.0
255,0.14084507042253525,0.5,0.0,0.5,1.0,0.0,1.0,0.5,0.0,0.0,0.0,0.5,1.0
256,0.10328638497652581,0.5,0.5,0.25,0.0,0.0,0.0,0.5,1.0,0.0,0.0,0.0,0.0
257,0.107981220657277,0.5,1.0,0.75,1.0,0.0,0.0,0.0,0.0,0.0,1.0,0.5,1.0
258,0.1267605633802817,0.5,1.0,0.75,1.0,0.0,0.0,0.0,0.0,0.0,1.0,0.5,1.0
259,0.22065727699530518,1.0,0.5,0.75,0.5,0.0,1.0,0.5,1.0,1.0,1.0,1.0,1.0
260,0.17370892018779344,1.0,0.5,0.75,0.5,0.0,1.0,0.5,1.0,1.0,1.0,1.0,1.0
261,0.27699530516431925,1.0,0.5,0.75,0.5,0.0,1.0,0.5,1.0,1.0,1.0,1.0,1.0
262,0.0,1.0,0.5,0.75,0.5,0.0,1.0,0.5,1.0,1.0,1.0,1.0,1.0
263,0.08920187793427231,0.5,0.5,0.25,0.5,1.0,1.0,0.5,0.0,1.0,1.0,0.0,0.0
264,0.107981220657277,0.5,0.5,0.25,0.5,1.0,1.0,0.5,0.0,1.0,1.0,0.0,0.0
265,0.11737089201877937,0.5,0.5,0.25,0.5,1.0,1.0,0.5,0.0,1.0,1.0,0.0,0.0
266,0.14553990610328638,0.0,0.0,0.75,1.0,1.0,1.0,0.0,0.0,0.0,0.0,0.5,1.0
267,0.17840375586854462,0.0,0.0,0.75,1.0,1.0,1.0,0.0,0.0,0.0,0.0,0.5,1.0
268,0.1830985915492958,1.0,1.0,0.75,0.5,0.0,0.0,0.5,1.0,1.0,1.0,1.0,1.0
269,0.215962441314554,1.0,1.0,0.75,0.5,0.0,0.0,0.5,1.0,1.0,1.0,1.0,1.0
270,0.2112676056338028,1.0,1.0,0.75,0.5,0.0,0.0,0.5,1.0,1.0,1.0,1.0,1.0
271,0.20657276995305163,0.5,0.0,0.25,0.5,1.0,1.0,1.0,1.0,1.0,0.0,0.5,1.0
272,0.23943661971830987,0.5,0.0,0.25,0.5,1.0,1.0,1.0,1.0,1.0,0.0,0.5,1.0
273,0.15492957746478875,0.5,0.5,0.75,0.5,1.0,0.0,0.5,1.0,1.0,0.0,1.0,1.0
274,0.23474178403755874,0.5,1.0,0.0,0.5,1.0,0.0,1.0,1.0,1.0,1.0,0.0,1.0
275,0.2863849765258216,0.5,1.0,0.0,0.5,1.0,0.0,1.0,1.0,1.0,1.0,0.0,1.0
276,0.16431924882629106,0.5,0.0,0.5,0.0,1.0,1.0,0.0,1.0,1.0,0.0,0.0,0.0
277,0.10328638497652581,0.5,1.0,1.0,0.5,1.0,0.0,0.0,0.0,1.0,1.0,1.0,0.0
278,0.11737089201877937,0.5,1.0,1.0,0.5,1.0,0.0,0.0,0.0,1.0,1.0,1.0,0.0
279,0.05633802816901412,0.5,1.0,1.0,0.5,1.0,0.0,0.0,0.0,1.0,1.0,1.0,0.0
280,0.08450704225352113,0.5,1.0,1.0,0.5,1.0,0.0,0.0,0.0,1.0,1.0,1.0,0.0
281,0.06572769953051644,0.5,1.0,1.0,0.5,1.0,0.0,0.0,0.0,1.0,1.0,1.0,0.0
282,0.18779342723004694,0.0,0.0,0.0,1.0,1.0,1.0,1.0,0.0,0.0,0.0,0.0,1.0
283,0.11267605633802819,0.5,0.0,0.5,1.0,1.0,1.0,1.0,0.0,1.0,0.0,1.0,1.0
284,0.19248826291079812,0.5,0.0,0.5,1.0,1.0,1.0,1.0,0.0,1.0,0.0,1.0,1.0
285,0.2300469483568075,0.0,0.5,0.0,0.5,1.0,0.0,1.0,1.0,0.0,0.0,0.0,1.0
286,0.22065727699530518,1.0,0.5,0.25,1.0,0.0,1.0,0.5,0.0,1.0,1.0,0.0,1.0
287,0.13145539906103287,1.0,0.5,0.25,1.0,0.0,1.0,0.5,0.0,1.0,1.0,0.0,1.0
288,0.20657276995305163,0.0,0.5,1.0,0.0,1.0,1.0,0.0,1.0,0.0,1.0,1.0,0.0
289,0.14553990610328638,0.0,0.5,1.0,0.0,1.0,1.0,0.0,1.0,0.0,1.0,1.0,0.0
290,0.23474178403755874,1.0,1.0,0.5,1.0,0.0,0.0,1.0,0.0,1.0,1.0,1.0,1.0
291,0.08920187793427231,1.0,1.0,0.5,1.0,0.0,0.0,1.0,0.0,1.0,1.0,1.0,1.0
292,0.07511737089201881,0.0,0.5,1.0,0.5,1.0,0.0,0.0,0.0,0.0,0.0,1.0,0.0
293,0.07042253521126762,0.0,0.5,1.0,0.5,1.0,0.0,0.0,0.0,0.0,0.0,1.0,0.0
294,0.14084507042253525,1.0,0.5,0.0,1.0,0.0,0.0,1.0,0.0,1.0,0.0,0.0,1.0
295,0.2018779342723005,1.0,0.5,0.0,1.0,0.0,0.0,1.0,0.0,1.0,0.0,0.0,1.0
296,0.1220657276995305,0.5,1.0,1.0,0.0,1.0,0.0,0.0,1.0,1.0,1.0,1.0,0.0
297,0.1830985915492958,0.5,1.0,1.0,0.0,1.0,0.0,0.0,1.0,1.0,1.0,1.0,0.0
298,0.29107981220657275,0.5,1.0,0.25,1.0,1.0,0.0,1.0,0.0,1.0,1.0,0.5,1.0
299,0.13145539906103287,0.5,1.0,0.25,1.0,1.0,0.0,1.0,0.0,1.0,1.0,0.5,1.0
300,0.3896713615023474,0.0,0.5,0.5,0.5,1.0,1.0,0.5,1.0,0.0,1.0,0.5,1.0
301,0.1830985915492958,0.0,0.5,0.5,0.5,1.0,1.0,0.5,1.0,0.0,1.0,0.5,1.0
302,0.20657276995305163,0.0,0.5,0.5,0.5,1.0,1.0,0.5,1.0,0.0,1.0,0.5,1.0
303,0.295774647887324,0.0,0.5,0.5,0.5,1.0,1.0,0.5,1.0,0.0,1.0,0.5,1.0
304,0.22535211267605637,0.5,0.5,0.75,0.5,0.0,1.0,0.5,1.0,0.0,1.0,1.0,1.0
305,0.107981220657277,1.0,0.5,0.0,0.0,0.0,1.0,1.0,1.0,1.0,1.0,0.0,0.0
306,0.13615023474178406,1.0,0.5,0.0,0.0,0.0,1.0,1.0,1.0,1.0,1.0,0.0,0.0
307,0.1971830985915493,0.5,0.0,0.75,1.0,1.0,1.0,0.0,0.0,1.0,0.0,0.5,1.0
308,0.215962441314554,0.5,0.0,0.75,1.0,1.0,1.0,0.0,0.0,1.0,0.0,0.5,1.0
309,0.107981220657277,0.0,1.0,1.0,0.0,1.0,0.0,0.0,1.0,0.0,1.0,1.0,0.0
310,0.16901408450704225,1.0,0.0,0.25,1.0,0.0,1.0,1.0,0.0,1.0,0.0,0.5,1.0
311,0.16431924882629106,0.0,0.5,0.25,0.0,1.0,1.0,1.0,1.0,0.0,1.0,0.5,0.0
312,0.1267605633802817,0.0,0.5,0.25,0.0,1.0,1.0,1.0,1.0,0.0,1.0,0.5,0.0
313,0.15492957746478875,0.5,0.0,0.25,1.0,0.0,1.0,0.5,0.0,0.0,0.0,0.0,1.0
314,0.26291079812206575,0.5,1.0,1.0,0.5,0.0,0.0,0.0,1.0,0.0,1.0,1.0,1.0
315,0.15962441314553993,0.5,0.0,0.25,0.0,0.0,1.0,1.0,1.0,0.0,0.0,0.5,0.0
316,0.14084507042253525,0.5,0.0,0.25,0.0,0.0,1.0,1.0,1.0,0.0,0.0,0.5,0.0
317,0.15962441314553993,0.5,0.5,0.5,1.0,0.0,0.0,0.5,0.0,0.0,0.0,0.5,1.0
318,0.1267605633802817,0.5,0.5,0.5,1.0,0.0,0.0,0.5,0.0,0.0,0.0,0.5,1.0
319,0.3004694835680751,1.0,1.0,0.25,0.5,0.0,0.0,0.5,1.0,1.0,1.0,0.0,1.0
320,0.26291079812206575,1.0,1.0,0.25,0.5,0.0,0.0,0.5,1.0,1.0,1.0,0.0,1.0
321,0.17840375586854462,1.0,1.0,0.25,0.5,0.0,0.0,0.5,1.0,1.0,1.0,0.0,1.0
322,0.15962441314553993,0.5,0.0,0.75,0.5,0.0,1.0,0.0,0.0,0.0,0.0,0.5,0.0
323,0.14084507042253525,1.0,1.0,0.25,0.5,0.0,0.0,0.5,0.0,1.0,1.0,0.0,0.0
324,0.107981220657277,0.5,0.5,0.5,1.0,0.0,0.0,1.0,0.0,0.0,0.0,1.0,1.0
325,0.15492957746478875,0.5,0.5,0.5,1.0,0.0,0.0,1.0,0.0,0.0,0.0,1.0,1.0
326,0.16431924882629106,0.5,0.5,0.5,1.0,0.0,0.0,1.0,0.0,0.0,0.0,1.0,1.0
327,0.1830985915492958,0.5,1.0,0.5,0.0,0.0,0.0,0.5,1.0,0.0,1.0,0.5,0.0
328,0.13145539906103287,0.5,1.0,0.5,0.0,0.0,0.0,0.5,1.0,0.0,1.0,0.5,0.0
329,0.10328638497652581,0.5,1.0,0.5,0.0,0.0,0.0,0.5,1.0,0.0,1.0,0.5,0.0
330,0.14084507042253525,0.5,1.0,0.5,0.0,0.0,0.0,0.5,1.0,0.0,1.0,0.5,0.0
331,0.1830985915492958,0.5,1.0,0.5,0.5,0.0,0.0,0.0,1.0,0.0,1.0,0.0,1.0
332,0.15023474178403756,1.0,0.0,0.5,0.5,0.0,1.0,0.5,1.0,1.0,0.0,0.5,1.0
333,0.3145539906103286,1.0,0.0,0.5,0.5,0.0,1.0,0.5,1.0,1.0,0.0,0.5,1.0
334,0.13615023474178406,0.5,1.0,0.5,0.5,1.0,0.0,0.5,1.0,1.0,1.0,0.5,1.0
335,0.08450704225352113,0.5,0.0,0.25,0.0,1.0,1.0,0.5,1.0,1.0,0.0,0.0,0.0
336,0.14553990610328638,0.5,0.0,0.25,0.0,1.0,1.0,0.5,1.0,1.0,0.0,0.0,0.0
337,0.04694835680751175,0.0,1.0,1.0,0.5,1.0,0.0,0.0,0.0,0.0,1.0,1.0,0.0
338,0.06103286384976525,0.0,1.0,1.0,0.5,1.0,0.0,0.0,0.0,0.0,1.0,1.0,0.0
339,0.17840375586854462,0.0,0.0,0.5,1.0,1.0,1.0,1.0,0.0,0.0,0.0,1.0,1.0
340,0.2018779342723005,0.0,0.0,0.5,1.0,1.0,1.0,1.0,0.0,0.0,0.0,1.0,1.0
341,0.14084507042253525,0.5,0.5,0.5,0.0,1.0,0.0,0.0,1.0,1.0,0.0,0.0,0.0
342,0.1267605633802817,0.5,0.5,0.5,0.0,1.0,0.0,0.0,1.0,1.0,0.0,0.0,0.0
343,0.1971830985915493,0.5,0.5,0.5,0.0,1.0,0.0,0.0,1.0,1.0,0.0,0.0,0.0
344,0.1267605633802817,0.0,0.5,0.75,1.0,1.0,0.0,0.0,0.0,0.0,0.0,0.5,1.0
345,0.13615023474178406,0.0,0.5,0.75,1.0,1.0,0.0,0.0,0.0,0.0,0.0,0.5,1.0
346,0.09859154929577468,0.0,0.5,0.5,0.0,1.0,1.0,0.5,1.0,0.0,1.0,0.5,0.0
347,0.13145539906103287,0.0,0.5,0.5,0.0,1.0,1.0,0.5,1.0,0.0,1.0,0.5,0.0
348,0.15962441314553993,0.5,0.5,0.5,1.0,0.0,1.0,0.5,0.0,0.0,1.0,0.5,1.0
349,0.11267605633802819,0.5,0.5,0.5,1.0,0.0,1.0,0.5,0.0,0.0,1.0,0.5,1.0
350,0.19248826291079812,0.5,0.5,0.5,1.0,0.0,1.0,0.5,0.0,0.0,1.0,0.5,1.0
351,0.18779342723004694,0.5,0.0,0.75,0.0,0.0,1.0,0.5,1.0,0.0,0.0,1.0,0.0
352,0.06572769953051644,0.5,0.0,0.75,0.0,0.0,1.0,0.5,1.0,0.0,0.0,1.0,0.0
353,0.16431924882629106,0.5,0.5,0.75,1.0,0.0,1.0,0.5,0.0,0.0,1.0,1.0,1.0
354,0.15962441314553993,0.5,0.5,0.75,1.0,0.0,1.0,0.5,0.0,0.0,1.0,1.0,1.0
355,0.2018779342723005,1.0,1.0,0.0,0.0,0.0,0.0,1.0,1.0,1.0,1.0,0.0,0.0
356,0.20657276995305163,0.5,0.5,1.0,0.5,1.0,0.0,0.0,1.0,1.0,0.0,1.0,1.0
357,0.1830985915492958,0.5,0.5,1.0,0.5,1.0,0.0,0.0,1.0,1.0,0.0,1.0,1.0
358,0.15962441314553993,0.0,0.0,0.5,0.0,1.0,1.0,0.5,1.0,0.0,0.0,0.5,0.0
359,0.11267605633802819,1.0,0.5,0.5,1.0,0.0,1.0,1.0,0.0,1.0,1.0,1.0,1.0
360,0.17370892018779344,1.0,0.5,0.5,1.0,0.0,1.0,1.0,0.0,1.0,1.0,1.0,1.0
361,0.1267605633802817,0.0,0.5,0.0,0.0,1.0,1.0,1.0,1.0,0.0,1.0,0.0,0.0
362,0.14084507042253525,0.0,0.5,0.0,0.0,1.0,1.0,1.0,1.0,0.0,1.0,0.0,0.0
363,0.13615023474178406,0.5,0.5,0.75,1.0,0.0,1.0,0.0,0.0,0.0,1.0,0.5,1.0
364,0.13145539906103287,1.0,0.5,0.5,0.0,0.0,1.0,0.5,1.0,1.0,1.0,0.5,0.0
365,0.22065727699530518,1.0,0.5,0.5,0.0,0.0,1.0,0.5,1.0,1.0,1.0,0.5,0.0
366,0.2112676056338028,1.0,0.5,0.5,0.0,0.0,1.0,0.5,1.0,1.0,1.0,0.5,0.0
367,0.16901408450704225,0.5,0.5,0.75,1.0,1.0,0.0,0.0,0.0,1.0,0.0,0.5,1.0
368,0.0938967136150235,0.5,0.5,0.75,1.0,1.0,0.0,0.0,0.0,1.0,0.0,0.5,1.0
369,0.0938967136150235,0.0,0.5,0.75,0.0,1.0,0.0,0.0,1.0,0.0,0.0,0.5,0.0
370,0.11267605633802819,0.5,0.0,0.0,1.0,0.0,1.0,1.0,0.0,0.0,0.0,0.0,1.0
371,0.2112676056338028,1.0,0.5,0.5,0.5,0.0,1.0,1.0,1.0,1.0,1.0,1.0,1.0
372,0.18779342723004694,0.0,0.0,0.5,0.5,1.0,1.0,1.0,1.0,0.0,0.0,1.0,1.0
373,0.07981220657276994,0.0,0.5,0.25,0.5,1.0,1.0,0.5,0.0,0.0,1.0,0.0,0.0
374,0.04694835680751175,0.0,0.5,0.25,0.5,1.0,1.0,0.5,0.0,0.0,1.0,0.0,0.0
375,0.1267605633802817,0.0,0.5,0.25,0.5,1.0,1.0,0.5,0.0,0.0,1.0,0.0,0.0
376,0.15023474178403756,1.0,0.0,0.5,1.0,0.0,1.0,0.0,0.0,1.0,0.0,0.0,1.0
377,0.1830985915492958,0.5,1.0,0.25,0.5,1.0,0.0,1.0,1.0,1.0,1.0,0.5,1.0
378,0.08920187793427231,1.0,1.0,0.5,0.0,0.0,0.0,1.0,1.0,1.0,1.0,1.0,0.0
379,0.1267605633802817,1.0,1.0,0.5,0.0,0.0,0.0,1.0,1.0,1.0,1.0,1.0,0.0
380,0.22065727699530518,1.0,1.0,0.5,0.0,0.0,0.0,1.0,1.0,1.0,1.0,1.0,0.0
381,0.04694835680751175,0.0,0.5,0.5,0.5,1.0,1.0,1.0,0.0,0.0,1.0,1.0,0.0
382,0.07511737089201881,0.0,0.5,0.5,0.5,1.0,1.0,1.0,0.0,0.0,1.0,1.0,0.0
383,0.24882629107981225,1.0,0.5,0.75,0.5,0.0,1.0,0.0,1.0,1.0,1.0,0.5,1.0
384,0.215962441314554,0.5,0.5,0.75,0.5,1.0,1.0,0.5,1.0,1.0,1.0,1.0,1.0
385,0.23943661971830987,0.5,0.5,0.75,0.5,1.0,1.0,0.5,1.0,1.0,1.0,1.0,1.0
386,0.2676056338028169,0.5,0.5,0.75,0.5,1.0,1.0,0.5,1.0,1.0,1.0,1.0,1.0
387,0.107981220657277,0.5,0.5,1.0,0.5,0.0,0.0,0.0,0.0,0.0,0.0,1.0,0.0
388,0.07511737089201881,0.5,0.5,1.0,0.5,0.0,0.0,0.0,0.0,0.0,0.0,1.0,0.0
389,0.01877934272300469,0.5,0.5,1.0,0.5,0.0,0.0,0.0,0.0,0.0,0.0,1.0,0.0
390,0.03755868544600938,0.5,0.5,1.0,0.5,0.0,0.0,0.0,0.0,0.0,0.0,1.0,0.0
391,0.13145539906103287,0.5,0.5,0.25,1.0,0.0,0.0,1.0,0.0,0.0,0.0,0.5,1.0
392,0.08920187793427231,0.5,0.5,0.5,0.0,0.0,0.0,0.5,1.0,0.0,0.0,0.5,0.0
393,0.17370892018779344,0.5,0.5,0.5,0.0,0.0,0.0,0.5,1.0,0.0,0.0,0.5,0.0
394,0.0938967136150235,0.5,1.0,0.25,0.5,0.0,0.0,0.5,0.0,0.0,1.0,0.0,0.0
395,0.032863849765258246,0.5,1.0,0.25,0.5,0.0,0.0,0.5,0.0,0.0,1.0,0.0,0.0
396,0.07511737089201881,0.5,1.0,0.25,0.5,0.0,0.0,0.5,0.0,0.0,1.0,0.0,0.0
397,0.1220657276995305,0.5,1.0,0.25,0.5,0.0,0.0,0.5,0.0,0.0,1.0,0.0,0.0
398,0.023474178403755874,0.5,1.0,0.25,0.5,0.0,0.0,0.5,0.0,0.0,1.0,0.0,0.0
399,0.10328638497652581,0.5,1.0,0.25,0.5,0.0,0.0,0.5,0.0,0.0,1.0,0.0,0.0
400,0.07511737089201881,1.0,0.5,0.75,1.0,0.0,0.0,0.5,0.0,1.0,0.0,1.0,1.0
401,0.29107981220657275,0.5,0.0,0.0,0.5,1.0,1.0,1.0,1.0,1.0,0.0,0.0,1.0
402,0.244131455399061,0.5,0.0,0.0,0.5,0.0,1.0,1.0,1.0,0.0,0.0,0.0,1.0
403,0.22065727699530518,0.5,0.0,0.0,0.5,0.0,1.0,1.0,1.0,0.0,0.0,0.0,1.0
404,0.1971830985915493,0.5,0.0,0.0,0.5,0.0,1.0,1.0,1.0,0.0,0.0,0.0,1.0
405,0.13145539906103287,1.0,0.5,0.75,0.0,0.0,0.0,0.0,1.0,1.0,0.0,0.5,0.0
406,0.15962441314553993,1.0,0.5,0.75,0.0,0.0,0.0,0.0,1.0,1.0,0.0,0.5,0.0
407,0.06103286384976525,0.0,0.5,0.5,0.5,1.0,1.0,0.0,0.0,0.0,1.0,0.0,0.0
408,0.051643192488262935,1.0,0.0,1.0,0.5,0.0,1.0,0.0,0.0,1.0,0.0,1.0,0.0
409,0.15023474178403756,0.0,1.0,0.0,1.0,1.0,0.0,1.0,0.0,0.0,1.0,0.0,1.0
410,0.1830985915492958,1.0,0.5,1.0,0.0,0.0,1.0,0.0,1.0,1.0,1.0,1.0,0.0
411,0.17370892018779344,1.0,0.5,1.0,0.0,0.0,1.0,0.0,1.0,1.0,1.0,1.0,0.0
412,0.09859154929577468,0.0,0.5,1.0,1.0,1.0,0.0,0.0,0.0,0.0,0.0,1.0,1.0
413,0.2018779342723005,0.0,0.5,1.0,1.0,1.0,0.0,0.0,0.0,0.0,0.0,1.0,1.0
414,0.1830985915492958,0.0,0.5,0.5,1.0,1.0,1.0,0.0,0.0,0.0,1.0,0.0,1.0
415,0.15023474178403756,0.0,0.5,0.5,1.0,1.0,1.0,0.0,0.0,0.0,1.0,0.0,1.0
416,0.14084507042253525,1.0,0.0,0.5,0.0,0.0,1.0,0.0,1.0,1.0,0.0,0.0,0.0
417,0.2112676056338028,1.0,0.0,0.5,0.0,0.0,1.0,0.0,1.0,1.0,0.0,0.0,0.0
418,0.15962441314553993,1.0,0.0,0.5,0.0,0.0,1.0,0.0,1.0,1.0,0.0,0.0,0.0
419,0.11267605633802819,0.5,0.5,1.0,1.0,1.0,0.0,0.0,0.0,1.0,0.0,1.0,1.0
420,0.19248826291079812,0.5,1.0,0.5,0.5,0.0,0.0,1.0,1.0,0.0,1.0,1.0,1.0
421,0.1971830985915493,0.5,1.0,0.5,0.5,0.0,0.0,1.0,1.0,0.0,1.0,1.0,1.0
422,0.244131455399061,0.5,1.0,0.5,0.5,0.0,0.0,1.0,1.0,0.0,1.0,1.0,1.0
423,0.15023474178403756,0.5,0.0,0.0,0.0,0.0,1.0,1.0,1.0,0.0,0.0,0.0,0.0
424,0.15962441314553993,0.5,0.0,0.0,0.0,0.0,1.0,1.0,1.0,0.0,0.0,0.0,0.0
425,0.11737089201877937,1.0,1.0,0.75,1.0,0.0,0.0,0.0,0.0,1.0,1.0,0.5,1.0
426,0.1267605633802817,1.0,1.0,0.75,1.0,0.0,0.0,0.0,0.0,1.0,1.0,0.5,1.0
427,0.13145539906103287,0.0,0.0,0.75,0.0,1.0,1.0,0.5,1.0,0.0,0.0,1.0,0.0
428,0.1267605633802817,0.0,0.0,0.75,0.0,1.0,1.0,0.5,1.0,0.0,0.0,1.0,0.0
429,0.2535211267605634,1.0,0.0,0.25,0.5,0.0,1.0,0.5,1.0,1.0,0.0,0.0,1.0
430,0.16901408450704225,0.0,1.0,1.0,1.0,1.0,0.0,0.0,0.0,0.0,1.0,1.0,1.0
431,0.14553990610328638,0.0,1.0,1.0,1.0,1.0,0.0,0.0,0.0,0.0,1.0,1.0,1.0
432,0.03755868544600938,0.5,0.0,0.5,0.5,0.0,1.0,0.5,0.0,0.0,0.0,0.5,0.0
433,0.215962441314554,0.5,0.0,0.75,0.5,0.0,1.0,0.0,1.0,0.0,0.0,0.5,1.0
434,0.1971830985915493,0.5,0.0,0.75,0.5,0.0,1.0,0.0,1.0,0.0,0.0,0.5,1.0
435,0.16901408450704225,0.5,0.0,0.5,1.0,1.0,1.0,0.5,0.0,1.0,0.0,0.5,1.0
436,0.11737089201877937,0.5,0.0,0.5,1.0,1.0,1.0,0.5,0.0,1.0,0.0,0.5,1.0
437,0.13615023474178406,0.5,1.0,0.5,0.0,1.0,0.0,0.5,1.0,1.0,1.0,0.5,0.0
438,0.2018779342723005,0.0,0.0,0.75,1.0,1.0,1.0,0.5,0.0,0.0,0.0,1.0,1.0
439,0.15962441314553993,0.5,0.5,0.0,1.0,1.0,0.0,1.0,0.0,1.0,0.0,0.0,1.0
440,0.09859154929577468,0.5,0.5,0.0,1.0,1.0,0.0,1.0,0.0,1.0,0.0,0.0,1.0
441,0.051643192488262935,0.0,1.0,0.25,0.5,1.0,0.0,0.5,0.0,0.0,1.0,0.0,0.0
442,0.04225352112676056,0.0,1.0,0.25,0.5,1.0,0.0,0.5,0.0,0.0,1.0,0.0,0.0
443,0.07042253521126762,0.0,1.0,0.25,0.5,1.0,0.0,0.5,0.0,0.0,1.0,0.0,0.0
444,0.03755868544600938,0.5,0.0,1.0,0.5,0.0,1.0,0.0,0.0,0.0,0.0,1.0,0.0
445,0.08920187793427231,0.5,0.0,1.0,0.5,0.0,1.0,0.0,0.0,0.0,0.0,1.0,0.0
446,0.14084507042253525,1.0,0.5,0.5,1.0,0.0,0.0,1.0,0.0,1.0,0.0,1.0,1.0
447,0.15023474178403756,0.5,0.5,0.5,0.0,0.0,1.0,0.5,1.0,0.0,1.0,0.5,0.0
448,0.1830985915492958,0.5,0.5,0.5,0.0,0.0,1.0,0.5,1.0,0.0,1.0,0.5,0.0
449,0.16901408450704225,0.5,0.5,0.5,0.0,0.0,1.0,0.5,1.0,0.0,1.0,0.5,0.0
450,0.06572769953051644,0.5,1.0,1.0,0.0,0.0,0.0,0.0,1.0,0.0,1.0,1.0,0.0
451,0.13145539906103287,0.5,1.0,1.0,0.0,0.0,0.0,0.0,1.0,0.0,1.0,1.0,0.0
452,0.22535211267605637,0.5,0.0,0.5,1.0,0.0,1.0,1.0,0.0,0.0,0.0,1.0,1.0
453,0.15023474178403756,0.5,0.0,0.5,1.0,0.0,1.0,1.0,0.0,0.0,0.0,1.0,1.0
454,0.33333333333333337,1.0,0.5,0.0,0.5,0.0,0.0,1.0,1.0,1.0,0.0,0.0,1.0
455,0.3004694835680751,1.0,0.5,0.0,0.5,0.0,0.0,1.0,1.0,1.0,0.0,0.0,1.0
456,0.215962441314554,1.0,0.5,0.0,0.5,0.0,0.0,1.0,1.0,1.0,0.0,0.0,1.0
457,0.244131455399061,1.0,0.5,0.0,0.5,0.0,0.0,1.0,1.0,1.0,0.0,0.0,1.0
458,0.04225352112676056,0.5,0.5,0.0,0.5,1.0,0.0,1.0,0.0,1.0,0.0,0.0,0.0
459,0.07042253521126762,0.0,1.0,0.75,1.0,1.0,0.0,0.0,0.0,0.0,1.0,0.5,1.0
460,0.16431924882629106,0.0,1.0,0.75,1.0,1.0,0.0,0.0,0.0,0.0,1.0,0.5,1.0
461,0.07042253521126762,0.5,0.0,0.25,0.0,0.0,1.0,0.5,1.0,0.0,0.0,0.0,0.0
462,0.14084507042253525,0.5,0.0,0.25,0.0,0.0,1.0,0.5,1.0,0.0,0.0,0.0,0.0
463,0.17370892018779344,0.5,0.0,0.25,0.0,0.0,1.0,0.5,1.0,0.0,0.0,0.0,0.0
464,0.16901408450704225,0.5,0.0,0.25,0.0,0.0,1.0,0.5,1.0,0.0,0.0,0.0,0.0
465,0.1267605633802817,1.0,1.0,1.0,1.0,0.0,0.0,0.0,0.0,1.0,1.0,1.0,1.0
466,0.15492957746478875,1.0,1.0,1.0,1.0,0.0,0.0,0.0,0.0,1.0,1.0,1.0,1.0
467,0.032863849765258246,0.5,1.0,0.0,0.5,0.0,0.0,1.0,0.0,0.0,1.0,0.0,0.0
468,0.13615023474178406,0.5,1.0,0.0,0.5,0.0,0.0,1.0,0.0,0.0,1.0,0.0,0.0
469,0.07511737089201881,0.5,1.0,0.0,0.5,0.0,0.0,1.0,0.0,0.0,1.0,0.0,0.0
470,0.06103286384976525,0.5,1.0,0.0,0.5,0.0,0.0,1.0,0.0,0.0,1.0,0.0,0.0
471,0.04225352112676056,0.5,1.0,0.0,0.5,0.0,0.0,1.0,0.0,0.0,1.0,0.0,0.0
472,0.06103286384976525,0.5,0.5,0.75,0.5,0.0,1.0,0.0,0.0,0.0,1.0,0.5,0.0
473,0.14084507042253525,0.5,0.5,0.75,0.5,0.0,1.0,0.0,0.0,0.0,1.0,0.5,0.0
474,0.08450704225352113,0.5,0.5,0.75,0.5,0.0,1.0,0.0,0.0,0.0,1.0,0.5,0.0
475,0.10328638497652581,0.5,1.0,1.0,0.5,0.0,0.0,0.0,0.0,0.0,1.0,1.0,0.0
476,0.04694835680751175,0.5,1.0,1.0,0.5,0.0,0.0,0.0,0.0,0.0,1.0,1.0,0.0
477,0.11737089201877937,0.0,0.0,0.75,0.0,1.0,1.0,0.0,1.0,0.0,0.0,0.5,0.0
478,0.11267605633802819,0.0,0.0,0.75,0.0,1.0,1.0,0.0,1.0,0.0,0.0,0.5,0.0
479,0.107981220657277,1.0,0.5,0.25,1.0,0.0,0.0,0.5,0.0,1.0,0.0,0.0,1.0
480,0.16431924882629106,1.0,0.5,0.25,1.0,0.0,0.0,0.5,0.0,1.0,0.0,0.0,1.0
481,0.15962441314553993,1.0,0.5,0.25,1.0,0.0,0.0,0.5,0.0,1.0,0.0,0.0,1.0
482,0.09859154929577468,1.0,0.5,0.25,1.0,0.0,0.0,0.5,0.0,1.0,0.0,0.0,1.0
483,0.07042253521126762,0.5,0.0,0.5,0.5,0.0,1.0,1.0,0.0,0.0,0.0,1.0,0.0
484,0.15492957746478875,0.5,1.0,0.0,0.0,0.0,0.0,1.0,1.0,0.0,1.0,0.0,0.0
485,0.19248826291079812,0.0,1.0,0.75,0.5,1.0,0.0,0.5,1.0,0.0,1.0,1.0,1.0
486,0.17370892018779344,1.0,0.0,0.5,0.5,0.0,1.0,1.0,1.0,1.0,0.0,1.0,1.0
487,0.1267605633802817,0.5,0.5,0.25,0.0,1.0,0.0,0.5,1.0,1.0,0.0,0.0,0.0
488,0.08450704225352113,0.5,0.5,0.25,0.0,1.0,0.0,0.5,1.0,1.0,0.0,0.0,0.0
489,0.15023474178403756,0.5,0.5,0.25,0.0,1.0,0.0,0.5,1.0,1.0,0.0,0.0,0.0
490,0.2535211267605634,1.0,0.5,0.25,0.5,0.0,0.0,1.0,1.0,1.0,0.0,0.5,1.0
491,0.24882629107981225,0.5,0.5,0.25,0.5,1.0,0.0,0.5,1.0,1.0,0.0,0.0,1.0
492,0.23943661971830987,0.5,0.5,0.25,0.5,1.0,0.0,0.5,1.0,1.0,0.0,0.0,1.0
493,0.17840375586854462,1.0,1.0,0.5,0.5,0.0,0.0,0.5,1.0,1.0,1.0,0.5,1.0
494,0.2300469483568075,1.0,1.0,0.5,0.5,0.0,0.0,0.5,1.0,1.0,1.0,0.5,1.0
495,0.20657276995305163,1.0,1.0,0.5,0.5,0.0,0.0,0.5,1.0,1.0,1.0,0.5,1.0
496,0.295774647887324,1.0,1.0,0.5,0.5,0.0,0.0,0.5,1.0,1.0,1.0,0.5,1.0
497,0.2018779342723005,1.0,1.0,0.5,0.5,0.0,0.0,0.5,1.0,1.0,1.0,0.5,1.0
498,0.14084507042253525,1.0,1.0,0.25,0.5,0.0,0.0,1.0,0.0,1.0,1.0,0.5,0.0
499,0.107981220657277,1.0,1.0,0.25,0.5,0.0,0.0,1.0,0.0,1.0,1.0,0.5,0.0
500,0.16431924882629106,0.0,0.5,0.0,1.0,1.0,1.0,1.0,0.0,0.0,1.0,0.0,1.0
501,0.1220657276995305,0.0,0.5,0.0,1.0,1.0,1.0,1.0,0.0,0.0,1.0,0.0,1.0
502,0.295774647887324,0.5,0.0,1.0,0.5,0.0,1.0,0.0,1.0,0.0,0.0,1.0,1.0
503,0.11267605633802819,0.5,0.5,0.75,0.0,1.0,0.0,0.0,1.0,1.0,0.0,0.5,0.0
504,0.09859154929577468,0.5,0.5,0.75,0.0,1.0,0.0,0.0,1.0,1.0,0.0,0.5,0.0
505,0.20657276995305163,0.0,0.0,1.0,0.0,1.0,1.0,0.0,1.0,0.0,0.0,1.0,0.0
506,0.17840375586854462,0.0,0.0,1.0,0.0,1.0,1.0,0.0,1.0,0.0,0.0,1.0,0.0
507,0.15962441314553993,1.0,0.5,0.5,0.0,0.0,0.0,0.0,1.0,1.0,0.0,0.0,0.0
508,0.2018779342723005,1.0,0.5,0.5,0.0,0.0,0.0,0.0,1.0,1.0,0.0,0.0,0.0
509,0.1971830985915493,0.0,1.0,0.0,0.5,1.0,0.0,1.0,1.0,0.0,1.0,0.0,1.0
510,0.20657276995305163,0.0,1.0,0.0,0.5,1.0,0.0,1.0,1.0,0.0,1.0,0.0,1.0
511,0.2863849765258216,0.0,1.0,0.0,0.5,1.0,0.0,1.0,1.0,0.0,1.0,0.0,1.0
512,0.18779342723004694,0.0,1.0,0.0,0.5,1.0,0.0,1.0,1.0,0.0,1.0,0.0,1.0
513,0.08450704225352113,0.0,1.0,0.5,0.5,1.0,0.0,0.0,0.0,0.0,1.0,0.0,0.0
514,0.051643192488262935,0.5,0.5,0.75,0.5,1.0,1.0,0.5,0.0,1.0,1.0,1.0,0.0
515,0.09859154929577468,0.0,0.5,0.5,0.5,1.0,0.0,1.0,0.0,0.0,0.0,1.0,0.0
516,0.04694835680751175,0.0,0.5,0.5,0.5,1.0,0.0,1.0,0.0,0.0,0.0,1.0,0.0
517,0.2816901408450704,1.0,0.5,1.0,0.5,0.0,1.0,0.0,1.0,1.0,1.0,1.0,1.0
518,0.2018779342723005,0.0,0.5,0.5,0.5,1.0,0.0,0.0,1.0,0.0,0.0,0.0,1.0
519,0.05633802816901412,1.0,1.0,0.75,0.5,0.0,0.0,0.0,0.0,1.0,1.0,0.5,0.0
520,0.11737089201877937,1.0,1.0,0.75,0.5,0.0,0.0,0.0,0.0,1.0,1.0,0.5,0.0
521,0.0938967136150235,1.0,1.0,0.75,0.5,0.0,0.0,0.0,0.0,1.0,1.0,0.5,0.0
522,0.107981220657277,0.0,0.0,0.5,1.0,1.0,1.0,0.5,0.0,0.0,0.0,0.5,1.0
523,0.02816901408450706,0.0,1.0,0.5,0.5,1.0,0.0,0.5,0.0,0.0,1.0,0.5,0.0
524,0.06572769953051644,0.0,1.0,0.5,0.5,1.0,0.0,0.5,0.0,0.0,1.0,0.5,0.0
525,0.07981220657276994,0.0,1.0,0.5,0.5,1.0,0.0,0.5,0.0,0.0,1.0,0.5,0.0
526,0.04225352112676056,0.0,1.0,0.5,0.5,1.0,0.0,0.5,0.0,0.0,1.0,0.5,0.0
527,0.1267605633802817,1.0,0.0,0.5,1.0,0.0,1.0,0.5,0.0,1.0,0.0,0.5,1.0
528,0.107981220657277,1.0,0.0,0.5,1.0,0.0,1.0,0.5,0.0,1.0,0.0,0.5,1.0
529,0.16901408450704225,1.0,0.0,0.5,1.0,0.0,1.0,0.5,0.0,1.0,0.0,0.5,1.0
530,0.19248826291079812,1.0,1.0,0.25,0.0,0.0,0.0,0.5,1.0,1.0,1.0,0.0,0.0
531,0.1830985915492958,1.0,1.0,0.25,0.0,0.0,0.0,0.5,1.0,1.0,1.0,0.0,0.0
532,0.15962441314553993,1.0,1.0,0.25,0.0,0.0,0.0,0.5,1.0,1.0,1.0,0.0,0.0
533,0.19248826291079812,0.0,0.5,0.5,0.5,1.0,0.0,1.0,1.0,0.0,0.0,1.0,1.0
534,0.295774647887324,0.0,0.5,0.0,0.5,1.0,1.0,1.0,1.0,0.0,1.0,0.0,1.0
535,0.1830985915492958,0.0,0.5,0.0,0.5,1.0,1.0,1.0,1.0,0.0,1.0,0.0,1.0
536,0.22065727699530518,0.0,0.5,0.0,0.5,1.0,1.0,1.0,1.0,0.0,1.0,0.0,1.0
537,0.0938967136150235,0.0,0.5,0.5,1.0,1.0,0.0,0.5,0.0,0.0,0.0,0.5,1.0
538,0.17370892018779344,0.0,0.5,0.5,1.0,1.0,0.0,0.5,0.0,0.0,0.0,0.5,1.0
539,0.107981220657277,0.0,0.5,0.5,1.0,1.0,0.0,1.0,0.0,0.0,0.0,1.0,1.0
540,0.11267605633802819,0.0,0.5,0.5,1.0,1.0,0.0,1.0,0.0,0.0,0.0,1.0,1.0
541,0.13615023474178406,0.0,0.5,0.5,1.0,1.0,0.0,1.0,0.0,0.0,0.0,1.0,1.0
542,0.1830985915492958,0.5,1.0,0.25,0.5,0.0,0.0,1.0,1.0,0.0,1.0,0.5,1.0
543,0.11267605633802819,0.5,0.0,0.5,0.0,0.0,1.0,0.5,1.0,0.0,0.0,0.5,0.0
544,0.23943661971830987,0.5,0.0,0.5,0.0,0.0,1.0,0.5,1.0,0.0,0.0,0.5,0.0
545,0.08450704225352113,1.0,0.5,0.75,0.5,0.0,1.0,0.0,0.0,1.0,1.0,0.5,0.0
546,0.1220657276995305,0.0,0.5,0.25,1.0,1.0,1.0,0.5,0.0,0.0,1.0,0.0,1.0
547,0.22535211267605637,1.0,1.0,0.5,0.5,0.0,0.0,0.0,1.0,1.0,1.0,0.0,1.0
548,0.30516431924882625,1.0,1.0,0.5,0.5,0.0,0.0,0.0,1.0,1.0,1.0,0.0,1.0
549,0.2112676056338028,1.0,1.0,0.5,0.5,0.0,0.0,0.0,1.0,1.0,1.0,0.0,1.0
550,0.1830985915492958,0.5,0.0,0.25,1.0,1.0,1.0,1.0,0.0,1.0,0.0,0.5,1.0
551,0.14553990610328638,0.5,0.0,0.25,1.0,1.0,1.0,1.0,0.0,1.0,0.0,0.5,1.0
552,0.2018779342723005,0.5,0.0,0.25,1.0,1.0,1.0,1.0,0.0,1.0,0.0,0.5,1.0
553,0.13145539906103287,0.5,0.0,0.25,1.0,1.0,1.0,1.0,0.0,1.0,0.0,0.5,1.0
554,0.107981220657277,0.5,0.0,0.25,1.0,1.0,1.0,1.0,0.0,1.0,0.0,0.5,1.0
555,0.18779342723004694,0.5,0.0,0.25,1.0,1.0,1.0,1.0,0.0,1.0,0.0,0.5,1.0
556,0.14553990610328638,0.5,0.5,0.5,0.0,1.0,0.0,0.5,1.0,1.0,0.0,0.5,0.0
557,0.15492957746478875,0.0,1.0,0.5,1.0,1.0,0.0,0.5,0.0,0.0,1.0,0.5,1.0
558,0.1830985915492958,0.0,1.0,0.5,1.0,1.0,0.0,0.5,0.0,0.0,1.0,0.5,1.0
559,0.18779342723004694,0.0,1.0,0.5,1.0,1.0,0.0,0.5,0.0,0.0,1.0,0.5,1.0
560,0.244131455399061,0.5,0.0,0.75,0.5,0.0,1.0,0.5,1.0,0.0,0.0,1.0,1.0
561,0.10328638497652581,0.5,0.5,0.0,0.0,0.0,0.0,1.0,1.0,0.0,0.0,0.0,0.0
562,0.11737089201877937,0.5,0.5,0.0,0.0,0.0,0.0,1.0,1.0,0.0,0.0,0.0,0.0
563,0.07042253521126762,0.5,0.0,0.75,0.5,0.0,1.0,0.5,0.0,0.0,0.0,1.0,0.0
564,0.07981220657276994,0.5,0.0,0.75,0.5,0.0,1.0,0.5,0.0,0.0,0.0,1.0,0.0
565,0.15492957746478875,1.0,1.0,0.0,1.0,0.0,0.0,1.0,0.0,1.0,1.0,0.0,1.0
566,0.23943661971830987,0.0,0.0,0.5,0.5,1.0,1.0,0.0,1.0,0.0,0.0,0.0,1.0
567,0.15492957746478875,1.0,0.5,1.0,0.0,0.0,0.0,0.0,1.0,1.0,0.0,1.0,0.0
568,0.16431924882629106,1.0,0.5,1.0,0.0,0.0,0.0,0.0,1.0,1.0,0.0,1.0,0.0
569,0.03755868544600938,0.5,0.5,0.0,0.5,0.0,1.0,1.0,0.0,0.0,1.0,0.0,0.0
570,0.2300469483568075,0.0,0.5,0.25,1.0,1.0,1.0,1.0,0.0,0.0,1.0,0.5,1.0
571,0.16901408450704225,0.0,0.5,0.25,1.0,1.0,1.0,1.0,0.0,0.0,1.0,0.5,1.0
572,0.14084507042253525,0.5,0.0,0.5,1.0,1.0,1.0,0.0,0.0,1.0,0.0,0.0,1.0
573,0.14553990610328638,0.5,0.0,0.5,1.0,1.0,1.0,0.0,0.0,1.0,0.0,0.0,1.0
574,0.30516431924882625,1.0,0.0,1.0,0.5,0.0,1.0,0.0,1.0,1.0,0.0,1.0,1.0
575,0.2018779342723005,1.0,0.0,1.0,0.5,0.0,1.0,0.0,1.0,1.0,0.0,1.0,1.0
576,0.17370892018779344,0.5,1.0,0.5,0.0,1.0,0.0,1.0,1.0,1.0,1.0,1.0,0.0
577,0.11267605633802819,0.5,1.0,0.5,0.0,1.0,0.0,1.0,1.0,1.0,1.0,1.0,0.0
578,0.09859154929577468,0.5,0.5,0.25,1.0,1.0,1.0,1.0,0.0,1.0,1.0,0.5,1.0
579,0.26291079812206575,0.5,0.5,0.25,1.0,1.0,1.0,1.0,0.0,1.0,1.0,0.5,1.0
580,0.11737089201877937,0.5,0.5,0.25,1.0,1.0,1.0,1.0,0.0,1.0,1.0,0.5,1.0
581,0.15023474178403756,0.5,0.5,0.25,1.0,1.0,1.0,1.0,0.0,1.0,1.0,0.5,1.0
582,0.2018779342723005,0.0,0.0,0.5,0.5,1.0,1.0,0.5,1.0,0.0,0.0,0.5,1.0
583,0.16901408450704225,1.0,0.5,0.5,0.5,0.0,0.0,0.5,1.0,1.0,0.0,0.5,1.0
584,0.1830985915492958,1.0,0.5,0.5,0.5,0.0,0.0,0.5,1.0,1.0,0.0,0.5,1.0
585,0.215962441314554,1.0,0.5,0.5,0.5,0.0,0.0,0.5,1.0,1.0,0.0,0.5,1.0
586,0.244131455399061,1.0,0.5,0.5,0.5,0.0,0.0,0.5,1.0,1.0,0.0,0.5,1.0
587,0.2676056338028169,1.0,1.0,1.0,0.5,0.0,0.0,0.0,1.0,1.0,1.0,1.0,1.0
588,0.1830985915492958,1.0,1.0,1.0,0.5,0.0,0.0,0.0,1.0,1.0,1.0,1.0,1.0
589,0.04694835680751175,0.0,0.0,0.5,0.5,1.0,1.0,0.0,0.0,0.0,0.0,0.0,0.0
590,0.13615023474178406,1.0,1.0,0.5,1.0,0.0,0.0,0.0,0.0,1.0,1.0,0.0,1.0
591,0.1830985915492958,1.0,1.0,0.5,1.0,0.0,0.0,0.0,0.0,1.0,1.0,0.0,1.0
592,0.17840375586854462,0.5,0.0,1.0,0.0,1.0,1.0,0.0,1.0,1.0,0.0,1.0,0.0
593,0.23474178403755874,0.5,0.0,1.0,0.0,1.0,1.0,0.0,1.0,1.0,0.0,1.0,0.0
594,0.15492957746478875,0.5,0.0,1.0,0.0,1.0,1.0,0.0,1.0,1.0,0.0,1.0,0.0
595,0.1267605633802817,0.5,0.0,1.0,0.0,1.0,1.0,0.0,1.0,1.0,0.0,1.0,0.0
596,0.0938967136150235,1.0,0.5,0.5,1.0,0.0,0.0,0.5,0.0,1.0,0.0,0.5,1.0
597,0.15023474178403756,0.5,0.5,0.25,0.0,1.0,0.0,1.0,1.0,1.0,0.0,0.5,0.0
598,0.04225352112676056,0.0,1.0,0.75,0.5,1.0,0.0,0.5,0.0,0.0,1.0,1.0,0.0
599,0.05633802816901412,0.0,1.0,0.75,0.5,1.0,0.0,0.5,0.0,0.0,1.0,1.0,0.0
600,0.051643192488262935,0.0,1.0,0.75,0.5,1.0,0.0,0.5,0.0,0.0,1.0,1.0,0.0
601,0.08920187793427231,0.5,0.5,0.25,0.5,0.0,1.0,1.0,0.0,0.0,1.0,0.5,0.0
602,0.04694835680751175,0.5,0.5,0.25,0.5,0.0,1.0,1.0,0.0,0.0,1.0,0.5,0.0
603,0.1267605633802817,0.5,1.0,1.0,1.0,1.0,0.0,0.0,0.0,1.0,1.0,1.0,1.0
604,0.17370892018779344,0.5,1.0,1.0,1.0,1.0,0.0,0.0,0.0,1.0,1.0,1.0,1.0
605,0.05633802816901412,0.0,0.0,0.5,0.5,1.0,1.0,1.0,0.0,0.0,0.0,1.0,0.0
606,0.06103286384976525,0.0,0.0,0.5,0.5,1.0,1.0,1.0,0.0,0.0,0.0,1.0,0.0
607,0.2300469483568075,0.5,1.0,0.75,0.5,1.0,0.0,0.5,1.0,1.0,1.0,1.0,1.0
608,0.215962441314554,0.5,1.0,0.75,0.5,1.0,0.0,0.5,1.0,1.0,1.0,1.0,1.0
609,0.01877934272300469,0.5,1.0,0.75,0.5,1.0,0.0,0.5,1.0,1.0,1.0,1.0,1.0
610,0.23474178403755874,0.0,1.0,0.25,0.0,1.0,0.0,0.5,1.0,0.0,1.0,0.0,0.0
611,0.22065727699530518,0.5,0.5,0.0,0.5,1.0,1.0,1.0,1.0,1.0,1.0,0.0,1.0
612,0.20657276995305163,0.5,0.5,0.0,0.5,1.0,1.0,1.0,1.0,1.0,1.0,0.0,1.0
613,0.24882629107981225,0.5,0.5,0.0,0.5,1.0,1.0,1.0,1.0,1.0,1.0,0.0,1.0
614,0.2816901408450704,0.5,0.5,0.0,0.5,1.0,1.0,1.0,1.0,1.0,1.0,0.0,1.0
615,0.20657276995305163,0.5,0.5,1.0,0.0,1.0,1.0,0.0,1.0,1.0,1.0,1.0,0.0
616,0.23474178403755874,0.5,1.0,0.75,0.5,0.0,0.0,0.5,1.0,0.0,1.0,1.0,1.0
617,0.16431924882629106,0.5,1.0,0.75,0.5,0.0,0.0,0.5,1.0,0.0,1.0,1.0,1.0
618,0.17840375586854462,1.0,0.5,0.5,0.0,0.0,1.0,1.0,1.0,1.0,1.0,1.0,0.0
619,0.14084507042253525,1.0,1.0,0.25,1.0,0.0,0.0,1.0,0.0,1.0,1.0,0.5,1.0
620,0.13615023474178406,0.5,0.0,0.5,0.5,0.0,1.0,0.0,1.0,0.0,0.0,0.0,1.0
621,0.20657276995305163,0.5,0.0,0.5,0.5,0.0,1.0,0.0,1.0,0.0,0.0,0.0,1.0
622,0.2018779342723005,0.5,0.0,0.5,0.5,0.0,1.0,0.0,1.0,0.0,0.0,0.0,1.0
623,0.19248826291079812,0.5,0.0,0.5,0.5,1.0,1.0,0.0,1.0,1.0,0.0,0.0,1.0
624,0.23474178403755874,1.0,0.5,0.5,0.5,0.0,1.0,0.0,1.0,1.0,1.0,0.0,1.0
625,0.20657276995305163,1.0,0.5,0.5,0.5,0.0,1.0,0.0,1.0,1.0,1.0,0.0,1.0
626,0.19248826291079812,1.0,0.5,0.5,0.5,0.0,1.0,0.0,1.0,1.0,1.0,0.0,1.0
627,0.215962441314554,0.5,0.5,0.75,0.0,1.0,1.0,0.0,1.0,1.0,1.0,0.5,0.0
628,0.13145539906103287,0.5,0.5,0.75,0.0,1.0,1.0,0.0,1.0,1.0,1.0,0.5,0.0
629,0.23943661971830987,0.5,0.5,0.75,0.0,1.0,1.0,0.0,1.0,1.0,1.0,0.5,0.0
630,0.14084507042253525,0.5,0.5,0.75,0.0,1.0,1.0,0.0,1.0,1.0,1.0,0.5,0.0
631,0.19248826291079812,0.0,0.5,0.75,1.0,1.0,1.0,0.5,0.0,0.0,1.0,1.0,1.0
632,0.1267605633802817,0.0,0.5,0.75,1.0,1.0,1.0,0.5,0.0,0.0,1.0,1.0,1.0
633,0.16431924882629106,0.5,0.0,0.5,0.0,0.0,1.0,1.0,1.0,0.0,0.0,1.0,0.0
634,0.1220657276995305,0.5,0.0,0.5,0.0,0.0,1.0,1.0,1.0,0.0,0.0,1.0,0.0
635,0.0938967136150235,1.0,1.0,0.0,0.5,0.0,0.0,1.0,0.0,1.0,1.0,0.0,0.0
636,0.08450704225352113,1.0,1.0,0.0,0.5,0.0,0.0,1.0,0.0,1.0,1.0,0.0,0.0
637,0.16431924882629106,0.0,0.0,1.0,1.0,1.0,1.0,0.0,0.0,0.0,0.0,1.0,1.0
638,0.15023474178403756,0.0,0.0,1.0,1.0,1.0,1.0,0.0,0.0,0.0,0.0,1.0,1.0
639,0.16431924882629106,0.5,0.5,0.25,0.0,0.0,0.0,1.0,1.0,0.0,0.0,0.5,0.0
640,0.10328638497652581,0.5,0.5,0.25,0.0,0.0,0.0,1.0,1.0,0.0,0.0,0.5,0.0
641,0.15492957746478875,1.0,1.0,0.5,1.0,0.0,0.0,0.5,0.0,1.0,1.0,0.5,1.0
642,0.1220657276995305,1.0,1.0,0.5,1.0,0.0,0.0,0.5,0.0,1.0,1.0,0.5,1.0
643,0.15962441314553993,0.0,0.5,0.75,0.0,1.0,1.0,0.5,1.0,0.0,1.0,1.0,0.0
644,0.09859154929577468,0.0,0.5,0.75,0.0,1.0,1.0,0.5,1.0,0.0,1.0,1.0,0.0
645,0.107981220657277,0.5,0.0,0.75,0.5,1.0,1.0,0.0,0.0,1.0,0.0,0.5,0.0
646,0.15962441314553993,0.5,0.5,0.0,1.0,0.0,0.0,1.0,0.0,0.0,0.0,0.0,1.0
647,0.15492957746478875,0.5,0.5,0.0,1.0,0.0,0.0,1.0,0.0,0.0,0.0,0.0,1.0
648,0.11267605633802819,0.5,0.5,0.0,1.0,0.0,0.0,1.0,0.0,0.0,0.0,0.0,1.0
649,0.16901408450704225,0.5,0.5,0.75,0.5,0.0,0.0,0.0,1.0,0.0,0.0,0.5,1.0
650,0.26291079812206575,0.5,0.5,0.75,0.5,0.0,0.0,0.0,1.0,0.0,0.0,0.5,1.0
651,0.295774647887324,1.0,0.0,0.25,0.5,0.0,1.0,1.0,1.0,1.0,0.0,0.5,1.0
652,0.244131455399061,1.0,0.0,0.25,0.5,0.0,1.0,1.0,1.0,1.0,0.0,0.5,1.0
653,0.24882629107981225,1.0,0.0,0.25,0.5,0.0,1.0,1.0,1.0,1.0,0.0,0.5,1.0
654,0.1971830985915493,1.0,0.5,0.75,1.0,0.0,1.0,0.0,0.0,1.0,1.0,0.5,1.0
655,0.15492957746478875,1.0,0.5,0.75,1.0,0.0,1.0,0.0,0.0,1.0,1.0,0.5,1.0
656,0.16431924882629106,1.0,0.5,0.75,1.0,0.0,1.0,0.0,0.0,1.0,1.0,0.5,1.0
657,0.11737089201877937,1.0,0.5,0.75,1.0,0.0,1.0,0.0,0.0,1.0,1.0,0.5,1.0
658,0.13615023474178406,0.5,0.0,0.75,0.0,1.0,1.0,0.0,1.0,1.0,0.0,0.5,0.0
659,0.215962441314554,0.5,0.0,0.75,0.0,1.0,1.0,0.0,1.0,1.0,0.0,0.5,0.0
660,0.1971830985915493,0.5,1.0,0.25,0.0,1.0,0.0,0.5,1.0,1.0,1.0,0.0,0.0
661,0.20657276995305163,1.0,1.0,0.75,0.0,0.0,0.0,0.5,1.0,1.0,1.0,1.0,0.0
662,0.1220657276995305,0.0,0.0,0.25,0.5,1.0,1.0,1.0,0.0,0.0,0.0,0.5,0.0
663,0.15492957746478875,0.0,0.0,0.25,0.5,1.0,1.0,1.0,0.0,0.0,0.0,0.5,0.0
664,0.05633802816901412,0.0,0.0,0.25,0.5,1.0,1.0,1.0,0.0,0.0,0.0,0.5,0.0
665,0.16901408450704225,1.0,0.5,0.75,0.0,0.0,1.0,0.0,1.0,1.0,1.0,0.5,0.0
666,0.15492957746478875,1.0,0.5,0.75,0.0,0.0,1.0,0.0,1.0,1.0,1.0,0.5,0.0
667,0.11267605633802819,0.0,0.5,0.5,0.5,1.0,1.0,0.5,0.0,0.0,1.0,0.5,0.0
668,0.07042253521126762,0.0,0.5,0.5,0.5,1.0,1.0,0.5,0.0,0.0,1.0,0.5,0.0
669,0.07511737089201881,1.0,0.5,0.25,0.5,0.0,1.0,0.5,0.0,1.0,1.0,0.0,0.0
670,0.13145539906103287,1.0,0.5,0.25,0.5,0.0,1.0,0.5,0.0,1.0,1.0,0.0,0.0
671,0.10328638497652581,0.0,0.5,0.75,0.5,1.0,0.0,0.5,0.0,0.0,0.0,1.0,0.0
672,0.05633802816901412,0.0,0.5,0.75,0.5,1.0,0.0,0.5,0.0,0.0,0.0,1.0,0.0
673,0.08920187793427231,0.0,0.5,0.75,0.5,1.0,0.0,0.5,0.0,0.0,0.0,1.0,0.0
674,0.3145539906103286,1.0,1.0,0.5,0.5,0.0,0.0,1.0,1.0,1.0,1.0,1.0,1.0
675,0.2112676056338028,1.0,1.0,0.5,0.5,0.0,0.0,1.0,1.0,1.0,1.0,1.0,1.0
676,0.1830985915492958,1.0,1.0,0.5,0.5,0.0,0.0,1.0,1.0,1.0,1.0,1.0,1.0
677,0.1830985915492958,0.5,0.5,0.5,1.0,0.0,1.0,0.0,0.0,0.0,1.0,0.0,1.0
678,0.15962441314553993,0.5,0.5,0.5,1.0,0.0,1.0,0.0,0.0,0.0,1.0,0.0,1.0
679,0.07981220657276994,0.5,0.5,0.5,1.0,0.0,1.0,0.0,0.0,0.0,1.0,0.0,1.0
680,0.13615023474178406,1.0,0.5,1.0,1.0,0.0,1.0,0.0,0.0,1.0,1.0,1.0,1.0
681,0.1267605633802817,1.0,0.5,1.0,1.0,0.0,1.0,0.0,0.0,1.0,1.0,1.0,1.0
682,0.08920187793427231,0.5,0.0,0.75,0.5,1.0,1.0,0.5,0.0,1.0,0.0,1.0,0.0
683,0.05633802816901412,0.5,0.0,0.75,0.5,1.0,1.0,0.5,0.0,1.0,0.0,1.0,0.0
684,0.15492957746478875,0.5,0.5,0.5,0.0,0.0,0.0,0.0,1.0,0.0,0.0,0.0,0.0
685,0.13615023474178406,0.5,0.5,0.5,0.0,0.0,0.0,0.0,1.0,0.0,0.0,0.0,0.0
686,0.06572769953051644,0.0,0.0,0.25,0.5,1.0,1.0,0.5,0.0,0.0,0.0,0.0,0.0
687,0.05633802816901412,1.0,0.5,0.75,0.5,0.0,0.0,0.0,0.0,1.0,0.0,0.5,0.0
688,0.04694835680751175,0.5,0.5,0.75,0.5,1.0,0.0,0.5,0.0,1.0,0.0,1.0,0.0
689,0.06103286384976525,0.5,0.5,0.75,0.5,1.0,0.0,0.5,0.0,1.0,0.0,1.0,0.0
690,0.08450704225352113,0.5,0.5,0.75,0.5,1.0,0.0,0.5,0.0,1.0,0.0,1.0,0.0
691,0.03755868544600938,0.0,1.0,0.5,0.5,1.0,0.0,1.0,0.0,0.0,1.0,1.0,0.0
692,0.04694835680751175,0.0,1.0,0.5,0.5,1.0,0.0,1.0,0.0,0.0,1.0,1.0,0.0
693,0.05633802816901412,0.0,1.0,0.5,0.5,1.0,0.0,1.0,0.0,0.0,1.0,1.0,0.0
694,0.051643192488262935,0.0,1.0,0.5,0.5,1.0,0.0,1.0,0.0,0.0,1.0,1.0,0.0
695,0.244131455399061,0.0,0.0,0.75,0.5,1.0,1.0,0.5,1.0,0.0,0.0,1.0,1.0
696,0.2300469483568075,0.0,0.0,0.75,0.5,1.0,1.0,0.5,1.0,0.0,0.0,1.0,1.0
697,0.19248826291079812,0.0,0.0,0.75,0.5,1.0,1.0,0.5,1.0,0.0,0.0,1.0,1.0
698,0.051643192488262935,1.0,1.0,0.5,0.5,0.0,0.0,1.0,0.0,1.0,1.0,1.0,0.0
699,0.07981220657276994,0.0,0.5,0.0,0.5,1.0,1.0,1.0,0.0,0.0,1.0,0.0,0.0
700,0.04225352112676056,0.0,0.5,0.0,0.5,1.0,1.0,1.0,0.0,0.0,1.0,0.0,0.0
701,0.16431924882629106,0.5,0.0,0.25,0.5,0.0,1.0,1.0,1.0,0.0,0.0,0.5,1.0
702,0.244131455399061,0.5,0.0,0.25,0.5,0.0,1.0,1.0,1.0,0.0,0.0,0.5,1.0
703,0.17370892018779344,1.0,0.5,0.25,0.0,0.0,0.0,0.5,1.0,1.0,0.0,0.0,0.0
704,0.2535211267605634,0.0,0.0,0.25,0.5,1.0,1.0,0.5,1.0,0.0,0.0,0.0,1.0
705,0.2300469483568075,0.0,0.0,0.25,0.5,1.0,1.0,0.5,1.0,0.0,0.0,0.0,1.0
706,0.215962441314554,0.0,0.0,0.25,0.5,1.0,1.0,0.5,1.0,0.0,0.0,0.0,1.0
707,0.15492957746478875,1.0,1.0,0.5,0.0,0.0,0.0,0.0,1.0,1.0,1.0,0.0,0.0
708,0.15962441314553993,1.0,1.0,0.5,0.0,0.0,0.0,0.0,1.0,1.0,1.0,0.0,0.0
709,0.18779342723004694,0.0,0.0,1.0,0.5,1.0,1.0,0.0,1.0,0.0,0.0,1.0,1.0
710,0.2535211267605634,0.0,0.0,1.0,0.5,1.0,1.0,0.0,1.0,0.0,0.0,1.0,1.0
711,0.06572769953051644,1.0,1.0,1.0,0.5,0.0,0.0,0.0,0.0,1.0,1.0,1.0,0.0
712,0.14084507042253525,0.0,0.5,0.5,0.0,1.0,0.0,0.5,1.0,0.0,0.0,0.5,0.0
713,0.1830985915492958,1.0,1.0,1.0,0.0,0.0,0.0,0.0,1.0,1.0,1.0,1.0,0.0
714,0.15492957746478875,1.0,1.0,1.0,0.0,0.0,0.0,0.0,1.0,1.0,1.0,1.0,0.0
715,0.13145539906103287,1.0,0.0,0.25,1.0,0.0,1.0,0.5,0.0,1.0,0.0,0.0,1.0
716,0.15492957746478875,1.0,0.0,0.25,1.0,0.0,1.0,0.5,0.0,1.0,0.0,0.0,1.0
717,0.14084507042253525,1.0,0.0,0.25,1.0,0.0,1.0,0.5,0.0,1.0,0.0,0.0,1.0
718,0.10328638497652581,0.5,1.0,0.25,0.0,1.0,0.0,1.0,1.0,1.0,1.0,0.5,0.0
719,0.19248826291079812,0.5,1.0,0.25,0.0,1.0,0.0,1.0,1.0,1.0,1.0,0.5,0.0
720,0.17370892018779344,1.0,0.0,1.0,0.0,0.0,1.0,0.0,1.0,1.0,0.0,1.0,0.0
721,0.15962441314553993,0.5,0.0,0.75,0.0,0.0,1.0,0.0,1.0,0.0,0.0,0.5,0.0
722,0.11737089201877937,0.5,0.0,0.75,0.0,0.0,1.0,0.0,1.0,0.0,0.0,0.5,0.0
723,0.17370892018779344,0.5,0.5,1.0,0.0,1.0,0.0,0.0,1.0,1.0,0.0,1.0,0.0
724,0.215962441314554,0.5,0.5,1.0,0.5,1.0,1.0,0.0,1.0,1.0,1.0,1.0,1.0
725,0.02816901408450706,0.5,0.5,1.0,0.5,1.0,1.0,0.0,1.0,1.0,1.0,1.0,1.0
726,0.2112676056338028,0.5,0.5,1.0,0.5,1.0,1.0,0.0,1.0,1.0,1.0,1.0,1.0
727,0.15023474178403756,0.0,0.5,0.5,0.0,1.0,1.0,1.0,1.0,0.0,1.0,1.0,0.0
728,0.15962441314553993,1.0,0.5,0.5,0.5,0.0,0.0,1.0,1.0,1.0,0.0,1.0,1.0
729,0.08920187793427231,0.0,1.0,0.5,0.0,1.0,0.0,1.0,1.0,0.0,1.0,1.0,0.0
730,0.11737089201877937,0.0,1.0,0.5,0.0,1.0,0.0,1.0,1.0,0.0,1.0,1.0,0.0
731,0.11737089201877937,0.5,0.0,0.5,0.5,1.0,1.0,0.0,0.0,1.0,0.0,0.0,0.0
732,0.07981220657276994,1.0,0.0,0.75,0.5,0.0,1.0,0.0,0.0,1.0,0.0,0.5,0.0
733,0.10328638497652581,1.0,0.0,0.75,0.5,0.0,1.0,0.0,0.0,1.0,0.0,0.5,0.0
734,0.1220657276995305,0.5,0.5,0.5,1.0,1.0,1.0,0.0,0.0,1.0,1.0,0.0,1.0
735,0.15492957746478875,0.5,0.5,0.75,1.0,1.0,1.0,0.0,0.0,1.0,1.0,0.5,1.0
736,0.3004694835680751,0.5,0.5,0.0,0.5,0.0,1.0,1.0,1.0,0.0,1.0,0.0,1.0
737,0.17840375586854462,0.5,0.5,0.0,0.5,0.0,1.0,1.0,1.0,0.0,1.0,0.0,1.0
738,0.2300469483568075,0.5,0.5,0.0,0.5,0.0,1.0,1.0,1.0,0.0,1.0,0.0,1.0
739,0.14084507042253525,0.5,0.0,0.5,0.0,0.0,1.0,0.0,1.0,0.0,0.0,0.0,0.0
740,0.16431924882629106,0.5,0.5,0.75,0.0,1.0,0.0,0.5,1.0,1.0,0.0,1.0,0.0
741,0.1267605633802817,0.5,0.5,0.75,0.0,1.0,0.0,0.5,1.0,1.0,0.0,1.0,0.0
742,0.10328638497652581,0.5,0.5,0.75,0.0,1.0,0.0,0.5,1.0,1.0,0.0,1.0,0.0
743,0.09859154929577468,0.5,1.0,0.25,0.5,1.0,0.0,1.0,0.0,1.0,1.0,0.5,0.0
744,0.07042253521126762,0.0,0.5,0.75,0.5,1.0,0.0,0.0,0.0,0.0,0.0,0.5,0.0
745,0.06103286384976525,0.5,1.0,0.75,0.5,0.0,0.0,0.5,0.0,0.0,1.0,1.0,0.0
746,0.051643192488262935,0.5,1.0,0.75,0.5,0.0,0.0,0.5,0.0,0.0,1.0,1.0,0.0
747,0.08450704225352113,0.5,1.0,0.75,0.5,0.0,0.0,0.5,0.0,0.0,1.0,1.0,0.0
748,0.15023474178403756,0.0,0.5,0.0,1.0,1.0,0.0,1.0,0.0,0.0,0.0,0.0,1.0
749,0.107981220657277,0.5,0.5,0.25,0.5,0.0,1.0,0.5,0.0,0.0,1.0,0.0,0.0
750,0.06103286384976525,0.5,0.5,0.25,0.5,0.0,1.0,0.5,0.0,0.0,1.0,0.0,0.0
751,0.17370892018779344,0.5,0.0,0.5,1.0,0.0,1.0,0.0,0.0,0.0,0.0,0.0,1.0
752,0.09859154929577468,0.5,0.0,0.5,1.0,0.0,1.0,0.0,0.0,0.0,0.0,0.0,1.0
753,0.17840375586854462,0.5,0.0,0.5,1.0,0.0,1.0,0.0,0.0,0.0,0.0,0.0,1.0
754,0.18779342723004694,1.0,0.5,0.75,0.0,0.0,1.0,0.5,1.0,1.0,1.0,1.0,0.0
755,0.2582159624413145,0.5,0.0,0.75,0.5,1.0,1.0,0.5,1.0,1.0,0.0,1.0,1.0
756,0.15962441314553993,1.0,0.5,0.75,1.0,0.0,0.0,0.0,0.0,1.0,0.0,0.5,1.0
757,0.15023474178403756,1.0,0.5,0.75,1.0,0.0,0.0,0.0,0.0,1.0,0.0,0.5,1.0
758,0.051643192488262935,0.0,0.0,1.0,0.5,1.0,1.0,0.0,0.0,0.0,0.0,1.0,0.0
759,0.07511737089201881,0.0,0.0,1.0,0.5,1.0,1.0,0.0,0.0,0.0,0.0,1.0,0.0
760,0.1267605633802817,0.0,0.0,0.0,0.5,1.0,1.0,1.0,1.0,0.0,0.0,0.0,1.0
761,0.26291079812206575,0.0,0.0,0.0,0.5,1.0,1.0,1.0,1.0,0.0,0.0,0.0,1.0
762,0.09859154929577468,1.0,0.5,0.5,0.5,0.0,1.0,1.0,0.0,1.0,1.0,1.0,0.0
763,0.08450704225352113,1.0,0.5,0.5,0.5,0.0,1.0,1.0,0.0,1.0,1.0,1.0,0.0
764,0.15023474178403756,0.5,0.5,0.0,0.5,1.0,0.0,1.0,1.0,1.0,0.0,0.0,1.0
765,0.19248826291079812,0.0,1.0,0.5,0.5,1.0,0.0,0.0,1.0,0.0,1.0,0.0,1.0
766,0.2816901408450704,0.0,1.0,0.5,0.5,1.0,0.0,0.0,1.0,0.0,1.0,0.0,1.0
767,0.13615023474178406,0.5,0.0,1.0,0.0,0.0,1.0,0.0,1.0,0.0,0.0,1.0,0.0
768,0.17840375586854462,0.5,0.0,1.0,0.0,0.0,1.0,0.0,1.0,0.0,0.0,1.0,0.0
769,0.107981220657277,0.0,1.0,0.75,0.0,1.0,0.0,0.5,1.0,0.0,1.0,1.0,0.0
770,0.22535211267605637,0.0,1.0,0.75,0.0,1.0,0.0,0.5,1.0,0.0,1.0,1.0,0.0
771,0.09859154929577468,0.0,1.0,0.75,0.0,1.0,0.0,0.5,1.0,0.0,1.0,1.0,0.0
772,0.07042253521126762,1.0,0.0,0.0,0.5,0.0,1.0,1.0,0.0,1.0,0.0,0.0,0.0
773,0.06572769953051644,1.0,0.0,0.0,0.5,0.0,1.0,1.0,0.0,1.0,0.0,0.0,0.0
774,0.09859154929577468,0.5,1.0,0.75,0.5,1.0,0.0,0.0,0.0,1.0,1.0,0.5,0.0
775,0.08920187793427231,0.5,1.0,0.75,0.5,1.0,0.0,0.0,0.0,1.0,1.0,0.5,0.0
776,0.19248826291079812,0.0,0.5,0.5,1.0,1.0,1.0,0.5,0.0,0.0,1.0,0.5,1.0
777,0.13145539906103287,0.0,0.5,0.5,1.0,1.0,1.0,0.5,0.0,0.0,1.0,0.5,1.0
778,0.24882629107981225,1.0,0.5,0.5,0.5,0.0,1.0,0.5,1.0,1.0,1.0,0.5,1.0
779,0.2863849765258216,1.0,0.5,0.5,0.5,0.0,1.0,0.5,1.0,1.0,1.0,0.5,1.0
780,0.07511737089201881,0.0,0.0,0.0,0.5,1.0,1.0,1.0,0.0,0.0,0.0,0.0,0.0
781,0.07511737089201881,1.0,0.5,0.25,0.0,0.0,1.0,1.0,1.0,1.0,1.0,0.5,0.0
782,0.11737089201877937,0.5,0.5,0.75,1.0,0.0,0.0,0.0,0.0,0.0,0.0,0.5,1.0
783,0.10328638497652581,0.5,0.5,0.75,1.0,0.0,0.0,0.0,0.0,0.0,0.0,0.5,1.0
784,0.11267605633802819,0.5,0.5,0.75,1.0,0.0,0.0,0.0,0.0,0.0,0.0,0.5,1.0
785,0.107981220657277,0.5,0.5,0.75,0.0,0.0,0.0,0.5,1.0,0.0,0.0,1.0,0.0
786,0.13615023474178406,0.5,0.5,0.75,0.0,0.0,0.0,0.5,1.0,0.0,0.0,1.0,0.0
787,0.04694835680751175,0.5,1.0,0.5,0.5,0.0,0.0,1.0,0.0,0.0,1.0,1.0,0.0
788,0.13615023474178406,1.0,0.5,0.25,1.0,0.0,1.0,1.0,0.0,1.0,1.0,0.5,1.0
789,0.13145539906103287,1.0,0.5,0.25,1.0,0.0,1.0,1.0,0.0,1.0,1.0,0.5,1.0
790,0.051643192488262935,0.0,1.0,0.25,0.5,1.0,0.0,1.0,0.0,0.0,1.0,0.5,0.0
791,0.09859154929577468,0.0,1.0,0.25,0.5,1.0,0.0,1.0,0.0,0.0,1.0,0.5,0.0
792,0.0938967136150235,1.0,0.5,0.25,0.5,0.0,1.0,1.0,0.0,1.0,1.0,0.5,0.0
793,0.07981220657276994,1.0,0.5,0.25,0.5,0.0,1.0,1.0,0.0,1.0,1.0,0.5,0.0
794,0.107981220657277,1.0,0.5,0.25,0.5,0.0,1.0,1.0,0.0,1.0,1.0,0.5,0.0
795,0.9107981220657276,0.5,0.0,0.25,1.0,1.0,1.0,0.5,0.0,1.0,0.0,0.0,1.0
796,0.9999999999999999,0.5,0.5,0.75,0.5,1.0,0.0,0.0,1.0,1.0,0.0,0.5,1.0
797,0.16901408450704225,0.5,0.5,0.75,0.5,1.0,0.0,0.0,1.0,1.0,0.0,0.5,1.0
798,0.15962441314553993,0.5,0.5,0.75,0.5,1.0,0.0,0.0,1.0,1.0,0.0,0.5,1.0
799,0.2863849765258216,0.5,1.0,0.0,0.5,0.0,0.0,1.0,1.0,0.0,1.0,0.0,1.0
800,0.1220657276995305,0.5,0.0,0.0,1.0,1.0,1.0,1.0,0.0,1.0,0.0,0.0,1.0
801,0.17370892018779344,0.5,0.0,0.0,1.0,1.0,1.0,1.0,0.0,1.0,0.0,0.0,1.0
802,0.16901408450704225,0.5,0.0,0.0,1.0,1.0,1.0,1.0,0.0,1.0,0.0,0.0,1.0
803,0.16431924882629106,0.5,1.0,0.0,1.0,0.0,0.0,1.0,0.0,0.0,1.0,0.0,1.0
804,0.11737089201877937,0.5,1.0,0.0,1.0,0.0,0.0,1.0,0.0,0.0,1.0,0.0,1.0
805,0.14553990610328638,0.5,0.0,1.0,0.5,1.0,1.0,0.0,0.0,1.0,0.0,1.0,0.0
806,0.11267605633802819,0.5,0.0,1.0,0.5,1.0,1.0,0.0,0.0,1.0,0.0,1.0,0.0
807,0.107981220657277,0.5,0.0,1.0,0.5,1.0,1.0,0.0,0.0,1.0,0.0,1.0,0.0
808,0.2582159624413145,0.5,0.0,1.0,0.5,1.0,1.0,0.0,0.0,1.0,0.0,1.0,0.0
809,0.06103286384976525,0.5,0.0,1.0,0.5,1.0,1.0,0.0,0.0,1.0,0.0,1.0,0.0
810,0.08450704225352113,0.5,1.0,0.5,1.0,1.0,0.0,0.0,0.0,1.0,1.0,0.0,1.0
811,0.1971830985915493,0.0,0.5,0.5,0.5,1.0,0.0,0.5,1.0,0.0,0.0,0.5,1.0
812,0.23474178403755874,0.0,0.5,0.5,0.5,1.0,0.0,0.5,1.0,0.0,0.0,0.5,1.0
813,0.23943661971830987,0.0,0.5,0.5,0.5,1.0,0.0,0.5,1.0,0.0,0.0,0.5,1.0
814,0.06572769953051644,0.5,1.0,0.5,0.5,1.0,0.0,1.0,0.0,1.0,1.0,1.0,0.0
815,0.11737089201877937,0.5,1.0,0.5,0.5,1.0,0.0,1.0,0.0,1.0,1.0,1.0,0.0
816,0.07042253521126762,0.5,0.5,1.0,0.5,1.0,1.0,0.0,0.0,1.0,1.0,1.0,0.0
817,0.15492957746478875,0.5,0.5,0.25,0.0,0.0,1.0,1.0,1.0,0.0,1.0,0.5,0.0
818,0.13145539906103287,0.5,1.0,0.25,1.0,0.0,0.0,0.5,0.0,0.0,1.0,0.0,1.0
819,0.107981220657277,0.5,1.0,0.25,1.0,0.0,0.0,0.5,0.0,0.0,1.0,0.0,1.0
820,0.16431924882629106,0.5,1.0,0.75,0.0,0.0,0.0,0.0,1.0,0.0,1.0,0.5,0.0
821,0.11267605633802819,0.5,1.0,0.75,0.0,0.0,0.0,0.0,1.0,0.0,1.0,0.5,0.0
822,0.0938967136150235,1.0,0.0,0.5,0.5,0.0,1.0,0.5,0.0,1.0,0.0,0.5,0.0
823,0.23474178403755874,0.0,1.0,0.75,0.5,1.0,0.0,0.0,1.0,0.0,1.0,0.5,1.0
824,0.17370892018779344,0.0,1.0,0.75,0.5,1.0,0.0,0.0,1.0,0.0,1.0,0.5,1.0
825,0.07042253521126762,0.5,0.0,0.5,0.5,1.0,1.0,1.0,0.0,1.0,0.0,1.0,0.0
826,0.10328638497652581,1.0,0.5,0.25,1.0,0.0,0.0,1.0,0.0,1.0,0.0,0.5,1.0
827,0.11737089201877937,1.0,1.0,0.75,0.5,0.0,0.0,0.5,0.0,1.0,1.0,1.0,0.0
828,0.07042253521126762,1.0,1.0,0.75,0.5,0.0,0.0,0.5,0.0,1.0,1.0,1.0,0.0
829,0.13615023474178406,1.0,1.0,0.75,0.5,0.0,0.0,0.5,0.0,1.0,1.0,1.0,0.0
830,0.15492957746478875,0.0,0.5,0.5,1.0,1.0,1.0,1.0,0.0,0.0,1.0,1.0,1.0
831,0.16431924882629106,0.0,0.5,0.5,1.0,1.0,1.0,1.0,0.0,0.0,1.0,1.0,1.0
832,0.2535211267605634,1.0,0.0,0.0,0.5,0.0,1.0,1.0,1.0,1.0,0.0,0.0,1.0
833,0.17840375586854462,1.0,0.0,0.0,0.5,0.0,1.0,1.0,1.0,1.0,0.0,0.0,1.0
834,0.13615023474178406,0.0,1.0,0.5,0.0,1.0,0.0,0.0,1.0,0.0,1.0,0.0,0.0
835,0.13615023474178406,0.5,0.5,0.25,1.0,1.0,0.0,0.5,0.0,1.0,0.0,0.0,1.0
836,0.107981220657277,0.5,0.5,0.75,0.5,1.0,1.0,0.0,0.0,1.0,1.0,0.5,0.0
837,0.06572769953051644,0.5,0.5,0.75,0.5,1.0,1.0,0.0,0.0,1.0,1.0,0.5,0.0
838,0.2582159624413145,0.0,0.5,0.5,0.5,1.0,1.0,0.0,1.0,0.0,1.0,0.0,1.0
839,0.02816901408450706,0.0,0.5,0.25,0.5,1.0,0.0,1.0,0.0,0.0,0.0,0.5,0.0
840,0.03755868544600938,0.0,0.5,0.25,0.5,1.0,0.0,1.0,0.0,0.0,0.0,0.5,0.0
841,0.032863849765258246,0.5,0.5,0.75,0.5,0.0,0.0,0.5,0.0,0.0,0.0,1.0,0.0
842,0.09859154929577468,0.5,0.5,0.75,0.5,0.0,0.0,0.5,0.0,0.0,0.0,1.0,0.0
843,0.04225352112676056,0.5,1.0,0.5,0.5,0.0,0.0,0.0,0.0,0.0,1.0,0.0,0.0
844,0.03755868544600938,0.5,1.0,0.5,0.5,0.0,0.0,0.0,0.0,0.0,1.0,0.0,0.0
845,0.15023474178403756,0.5,0.5,1.0,1.0,0.0,1.0,0.0,0.0,0.0,1.0,1.0,1.0
846,0.23474178403755874,1.0,0.5,0.25,0.5,0.0,1.0,1.0,1.0,1.0,1.0,0.5,1.0
847,0.20657276995305163,1.0,0.5,0.25,0.5,0.0,1.0,1.0,1.0,1.0,1.0,0.5,1.0
848,0.2582159624413145,1.0,0.5,0.25,0.5,0.0,1.0,1.0,1.0,1.0,1.0,0.5,1.0
849,0.15023474178403756,0.5,0.5,0.0,0.5,1.0,1.0,1.0,0.0,1.0,1.0,0.0,0.0
850,0.17840375586854462,0.0,0.5,0.5,0.5,1.0,1.0,1.0,1.0,0.0,1.0,1.0,1.0
851,0.2863849765258216,0.0,0.5,0.5,0.5,1.0,1.0,1.0,1.0,0.0,1.0,1.0,1.0
852,0.244131455399061,0.5,0.5,0.0,0.5,0.0,0.0,1.0,1.0,0.0,0.0,0.0,1.0
853,0.1220657276995305,1.0,0.5,0.25,0.0,0.0,1.0,0.5,1.0,1.0,1.0,0.0,0.0
854,0.15023474178403756,1.0,0.5,0.25,0.0,0.0,1.0,0.5,1.0,1.0,1.0,0.0,0.0
855,0.215962441314554,1.0,0.5,0.25,0.0,0.0,1.0,0.5,1.0,1.0,1.0,0.0,0.0
856,0.08450704225352113,1.0,0.5,1.0,0.5,0.0,0.0,0.0,0.0,1.0,0.0,1.0,0.0
857,0.07511737089201881,1.0,0.5,1.0,0.5,0.0,0.0,0.0,0.0,1.0,0.0,1.0,0.0
858,0.23474178403755874,0.5,0.5,0.25,0.5,0.0,1.0,1.0,1.0,0.0,1.0,0.5,1.0
859,0.24882629107981225,1.0,1.0,0.75,0.5,0.0,0.0,0.0,1.0,1.0,1.0,0.5,1.0
860,0.1971830985915493,1.0,1.0,0.75,0.5,0.0,0.0,0.0,1.0,1.0,1.0,0.5,1.0
861,0.20657276995305163,1.0,1.0,0.75,0.5,0.0,0.0,0.0,1.0,1.0,1.0,0.5,1.0
862,0.20657276995305163,0.0,0.5,0.5,1.0,1.0,0.0,0.0,0.0,0.0,0.0,0.0,1.0
863,0.14553990610328638,0.0,0.5,0.5,1.0,1.0,0.0,0.0,0.0,0.0,0.0,0.0,1.0
864,0.15492957746478875,0.0,0.5,0.5,1.0,1.0,0.0,0.0,0.0,0.0,0.0,0.0,1.0
865,0.23943661971830987,0.0,1.0,0.25,0.5,1.0,0.0,1.0,1.0,0.0,1.0,0.5,1.0
866,0.2018779342723005,0.0,1.0,0.25,0.5,1.0,0.0,1.0,1.0,0.0,1.0,0.5,1.0
867,0.17370892018779344,0.0,1.0,0.25,0.5,1.0,0.0,1.0,1.0,0.0,1.0,0.5,1.0
868,0.16431924882629106,0.5,0.5,0.25,1.0,0.0,1.0,1.0,0.0,0.0,1.0,0.5,1.0
869,0.11267605633802819,0.5,0.5,0.25,1.0,0.0,1.0,1.0,0.0,0.0,1.0,0.5,1.0
870,0.10328638497652581,0.5,0.5,0.75,0.0,0.0,1.0,0.0,1.0,0.0,1.0,0.5,0.0
871,0.15492957746478875,0.5,0.5,0.75,0.0,0.0,1.0,0.0,1.0,0.0,1.0,0.5,0.0
872,0.22065727699530518,0.5,1.0,0.5,0.5,1.0,0.0,0.0,1.0,1.0,1.0,0.0,1.0
873,0.3896713615023474,0.5,1.0,0.5,0.5,1.0,0.0,0.0,1.0,1.0,1.0,0.0,1.0
874,0.2300469483568075,0.5,1.0,0.5,0.5,1.0,0.0,0.0,1.0,1.0,1.0,0.0,1.0
875,0.1830985915492958,0.5,0.0,1.0,0.5,1.0,1.0,0.0,1.0,1.0,0.0,1.0,1.0
876,0.11267605633802819,0.5,0.5,0.75,1.0,1.0,1.0,0.5,0.0,1.0,1.0,1.0,1.0
877,0.14553990610328638,0.5,0.5,0.75,1.0,1.0,1.0,0.5,0.0,1.0,1.0,1.0,1.0
878,0.1830985915492958,0.0,0.5,0.25,0.5,1.0,1.0,1.0,1.0,0.0,1.0,0.5,1.0
879,0.2018779342723005,0.0,0.5,0.25,0.5,1.0,1.0,1.0,1.0,0.0,1.0,0.5,1.0
880,0.14553990610328638,0.0,0.5,0.25,0.5,1.0,1.0,1.0,1.0,0.0,1.0,0.5,1.0
881,0.13145539906103287,1.0,0.0,0.75,0.0,0.0,1.0,0.5,1.0,1.0,0.0,1.0,0.0
882,0.1267605633802817,1.0,0.0,0.75,0.0,0.0,1.0,0.5,1.0,1.0,0.0,1.0,0.0
883,0.09859154929577468,0.0,0.5,0.0,0.5,1.0,0.0,1.0,0.0,0.0,0.0,0.0,0.0
884,0.07981220657276994,0.0,0.5,0.0,0.5,1.0,0.0,1.0,0.0,0.0,0.0,0.0,0.0
885,0.04225352112676056,0.0,0.5,0.0,0.5,1.0,0.0,1.0,0.0,0.0,0.0,0.0,0.0
886,0.04694835680751175,0.0,0.5,0.0,0.5,1.0,0.0,1.0,0.0,0.0,0.0,0.0,0.0
887,0.17370892018779344,0.5,0.5,1.0,1.0,0.0,0.0,0.0,0.0,0.0,0.0,1.0,1.0
888,0.1267605633802817,0.5,1.0,0.5,0.0,0.0,0.0,0.0,1.0,0.0,1.0,0.0,0.0
889,0.15023474178403756,1.0,0.0,0.75,1.0,0.0,1.0,0.0,0.0,1.0,0.0,0.5,1.0
890,0.17840375586854462,0.5,1.0,0.75,0.0,1.0,0.0,0.5,1.0,1.0,1.0,1.0,0.0
891,0.15492957746478875,0.5,0.5,0.5,1.0,1.0,1.0,1.0,0.0,1.0,1.0,1.0,1.0
892,0.2018779342723005,0.5,0.5,0.75,0.5,0.0,0.0,0.5,1.0,0.0,0.0,1.0,1.0
893,0.11267605633802819,1.0,0.5,0.5,1.0,0.0,1.0,0.5,0.0,1.0,1.0,0.5,1.0
894,0.1267605633802817,1.0,0.5,0.5,1.0,0.0,1.0,0.5,0.0,1.0,1.0,0.5,1.0
895,0.11737089201877937,0.0,0.0,0.25,0.0,1.0,1.0,0.5,1.0,0.0,0.0,0.0,0.0
896,0.14084507042253525,0.0,0.0,0.25,0.0,1.0,1.0,0.5,1.0,0.0,0.0,0.0,0.0
897,0.23474178403755874,0.0,1.0,0.5,0.5,1.0,0.0,1.0,1.0,0.0,1.0,1.0,1.0
898,0.20657276995305163,0.0,1.0,0.5,0.5,1.0,0.0,1.0,1.0,0.0,1.0,1.0,1.0
899,0.11737089201877937,1.0,0.5,0.75,0.5,0.0,0.0,0.5,0.0,1.0,0.0,1.0,0.0
900,0.08450704225352113,1.0,0.5,0.75,0.5,0.0,0.0,0.5,0.0,1.0,0.0,1.0,0.0
901,0.07042253521126762,1.0,0.5,0.75,0.5,0.0,0.0,0.5,0.0,1.0,0.0,1.0,0.0
902,0.10328638497652581,1.0,0.5,1.0,0.5,0.0,1.0,0.0,0.0,1.0,1.0,1.0,0.0
903,0.0938967136150235,1.0,0.5,1.0,0.5,0.0,1.0,0.0,0.0,1.0,1.0,1.0,0.0
904,0.07981220657276994,1.0,0.5,1.0,0.5,0.0,1.0,0.0,0.0,1.0,1.0,1.0,0.0
905,0.11737089201877937,0.0,0.5,0.25,0.5,1.0,1.0,1.0,0.0,0.0,1.0,0.5,0.0
906,0.07042253521126762,0.0,0.5,0.25,0.5,1.0,1.0,1.0,0.0,0.0,1.0,0.5,0.0
907,0.15023474178403756,1.0,0.0,0.75,1.0,0.0,1.0,0.5,0.0,1.0,0.0,1.0,1.0
908,0.0938967136150235,1.0,0.0,0.75,1.0,0.0,1.0,0.5,0.0,1.0,0.0,1.0,1.0
909,0.22065727699530518,0.5,0.5,0.25,0.5,1.0,0.0,1.0,1.0,1.0,0.0,0.5,1.0
910,0.22065727699530518,0.0,1.0,0.5,0.5,1.0,0.0,0.5,1.0,0.0,1.0,0.5,1.0
911,0.2582159624413145,0.0,1.0,0.5,0.5,1.0,0.0,0.5,1.0,0.0,1.0,0.5,1.0
912,0.15962441314553993,0.0,1.0,0.5,0.5,1.0,0.0,0.5,1.0,0.0,1.0,0.5,1.0
913,0.2300469483568075,1.0,0.5,0.25,0.5,0.0,1.0,0.5,1.0,1.0,1.0,0.0,1.0
914,0.2723004694835681,1.0,0.5,0.25,0.5,0.0,1.0,0.5,1.0,1.0,1.0,0.0,1.0
915,0.06103286384976525,0.5,1.0,0.5,0.5,1.0,0.0,0.0,0.0,1.0,1.0,0.0,0.0
916,0.03755868544600938,0.0,0.5,0.5,0.5,1.0,0.0,0.5,0.0,0.0,0.0,0.5,0.0
917,0.20657276995305163,0.0,1.0,1.0,0.5,1.0,0.0,0.0,1.0,0.0,1.0,1.0,1.0
918,0.3474178403755869,0.0,0.0,0.75,0.5,1.0,1.0,0.0,1.0,0.0,0.0,0.5,1.0
919,0.26291079812206575,0.0,0.0,0.75,0.5,1.0,1.0,0.0,1.0,0.0,0.0,0.5,1.0
920,0.18779342723004694,0.0,0.0,0.75,0.5,1.0,1.0,0.0,1.0,0.0,0.0,0.5,1.0
921,0.1220657276995305,1.0,0.0,0.25,0.0,0.0,1.0,0.5,1.0,1.0,0.0,0.0,0.0
922,0.09859154929577468,1.0,0.0,0.25,0.0,0.0,1.0,0.5,1.0,1.0,0.0,0.0,0.0
923,0.107981220657277,0.0,0.5,1.0,0.0,1.0,0.0,0.0,1.0,0.0,0.0,1.0,0.0
924,0.09859154929577468,0.0,0.5,1.0,0.0,1.0,0.0,0.0,1.0,0.0,0.0,1.0,0.0
925,0.17840375586854462,0.5,0.5,0.5,0.0,0.0,1.0,1.0,1.0,0.0,1.0,1.0,0.0
926,0.17840375586854462,0.5,0.5,0.5,1.0,1.0,0.0,0.5,0.0,1.0,0.0,0.5,1.0
927,0.13145539906103287,0.5,0.5,0.5,1.0,1.0,0.0,0.5,0.0,1.0,0.0,0.5,1.0
928,0.17840375586854462,0.0,1.0,0.5,1.0,1.0,0.0,0.0,0.0,0.0,1.0,0.0,1.0
929,0.15492957746478875,0.5,1.0,0.5,1.0,1.0,0.0,0.5,0.0,1.0,1.0,0.5,1.0
930,0.16431924882629106,0.0,0.5,0.25,0.0,1.0,1.0,0.5,1.0,0.0,1.0,0.0,0.0
931,0.2112676056338028,0.5,0.5,0.25,0.0,1.0,1.0,0.5,1.0,1.0,1.0,0.0,0.0
932,0.13615023474178406,0.5,0.5,0.25,0.0,1.0,1.0,0.5,1.0,1.0,1.0,0.0,0.0
933,0.15962441314553993,0.5,0.5,0.25,0.0,1.0,1.0,0.5,1.0,1.0,1.0,0.0,0.0
934,0.19248826291079812,0.5,0.5,0.25,0.0,1.0,1.0,0.5,1.0,1.0,1.0,0.0,0.0
935,0.15023474178403756,0.0,0.5,0.75,0.5,1.0,1.0,0.0,1.0,0.0,1.0,0.5,1.0
936,0.04225352112676056,1.0,0.0,0.25,0.5,0.0,1.0,1.0,0.0,1.0,0.0,0.5,0.0
937,0.08450704225352113,0.0,1.0,0.5,1.0,1.0,0.0,1.0,0.0,0.0,1.0,1.0,1.0
938,0.14084507042253525,0.0,1.0,0.5,1.0,1.0,0.0,1.0,0.0,0.0,1.0,1.0,1.0
939,0.1267605633802817,0.0,1.0,0.5,1.0,1.0,0.0,1.0,0.0,0.0,1.0,1.0,1.0
940,0.23943661971830987,0.0,0.5,0.25,0.5,1.0,1.0,0.5,1.0,0.0,1.0,0.0,1.0
941,0.3380281690140845,0.0,0.5,0.25,0.5,1.0,1.0,0.5,1.0,0.0,1.0,0.0,1.0
942,0.051643192488262935,1.0,1.0,0.5,0.5,0.0,0.0,0.5,0.0,1.0,1.0,0.5,0.0
943,0.07981220657276994,1.0,1.0,0.5,0.5,0.0,0.0,0.5,0.0,1.0,1.0,0.5,0.0
944,0.06572769953051644,1.0,1.0,0.5,0.5,0.0,0.0,0.5,0.0,1.0,1.0,0.5,0.0
945,0.05633802816901412,0.5,0.0,0.25,0.5,0.0,1.0,0.5,0.0,0.0,0.0,0.0,0.0
946,0.37089201877934275,0.5,1.0,0.25,0.5,1.0,0.0,0.5,1.0,1.0,1.0,0.0,1.0
947,0.2582159624413145,0.5,1.0,0.25,0.5,1.0,0.0,0.5,1.0,1.0,1.0,0.0,1.0
948,0.24882629107981225,0.5,1.0,0.25,0.5,1.0,0.0,0.5,1.0,1.0,1.0,0.0,1.0
949,0.03755868544600938,1.0,0.0,0.5,0.5,0.0,1.0,1.0,0.0,1.0,0.0,1.0,0.0
950,0.1971830985915493,0.0,0.5,0.75,0.5,1.0,0.0,0.0,1.0,0.0,0.0,0.5,1.0
951,0.22535211267605637,0.0,0.5,0.75,0.5,1.0,0.0,0.0,1.0,0.0,0.0,0.5,1.0
952,0.9812206572769954,0.0,0.5,0.75,0.5,1.0,0.0,0.0,1.0,0.0,0.0,0.5,1.0
953,0.13615023474178406,0.5,0.5,0.75,0.0,1.0,1.0,0.5,1.0,1.0,1.0,1.0,0.0
954,0.2535211267605634,0.5,0.5,1.0,0.5,0.0,0.0,0.0,1.0,0.0,0.0,1.0,1.0
955,0.27699530516431925,0.5,0.5,1.0,0.5,0.0,0.0,0.0,1.0,0.0,0.0,1.0,1.0
956,0.22065727699530518,0.5,0.5,1.0,0.5,0.0,0.0,0.0,1.0,0.0,0.0,1.0,1.0
957,0.0938967136150235,0.5,1.0,0.5,0.0,0.0,0.0,1.0,1.0,0.0,1.0,1.0,0.0
958,0.1830985915492958,0.5,1.0,0.5,0.0,0.0,0.0,1.0,1.0,0.0,1.0,1.0,0.0
959,0.16901408450704225,0.5,1.0,0.5,0.0,0.0,0.0,1.0,1.0,0.0,1.0,1.0,0.0
960,0.15023474178403756,0.0,0.5,0.0,0.0,1.0,0.0,1.0,1.0,0.0,0.0,0.0,0.0
961,0.11737089201877937,0.0,0.5,0.0,0.0,1.0,0.0,1.0,1.0,0.0,0.0,0.0,0.0
962,0.14553990610328638,0.0,0.5,0.0,0.0,1.0,0.0,1.0,1.0,0.0,0.0,0.0,0.0
963,0.15492957746478875,0.0,0.0,0.0,0.0,1.0,1.0,1.0,1.0,0.0,0.0,0.0,0.0
964,0.14553990610328638,0.0,0.0,0.0,0.0,1.0,1.0,1.0,1.0,0.0,0.0,0.0,0.0
965,0.15023474178403756,0.0,0.0,0.0,0.0,1.0,1.0,1.0,1.0,0.0,0.0,0.0,0.0
966,0.1830985915492958,0.0,0.0,0.5,0.0,1.0,1.0,1.0,1.0,0.0,0.0,1.0,0.0
967,0.11737089201877937,0.0,0.0,0.5,0.0,1.0,1.0,1.0,1.0,0.0,0.0,1.0,0.0
968,0.22535211267605637,0.0,0.5,0.5,0.0,1.0,0.0,1.0,1.0,0.0,0.0,1.0,0.0
969,0.0938967136150235,0.0,0.5,0.5,0.0,1.0,0.0,1.0,1.0,0.0,0.0,1.0,0.0
970,0.0938967136150235,0.5,0.5,0.25,0.5,0.0,0.0,1.0,0.0,0.0,0.0,0.5,0.0
971,0.07981220657276994,0.5,1.0,0.25,0.5,1.0,0.0,0.5,0.0,1.0,1.0,0.0,0.0
972,0.15962441314553993,1.0,1.0,0.25,0.5,0.0,0.0,1.0,1.0,1.0,1.0,0.5,1.0
973,0.23943661971830987,1.0,1.0,0.25,0.5,0.0,0.0,1.0,1.0,1.0,1.0,0.5,1.0
974,0.17370892018779344,1.0,1.0,0.25,0.5,0.0,0.0,1.0,1.0,1.0,1.0,0.5,1.0
975,0.08920187793427231,0.0,0.0,0.75,0.5,1.0,1.0,0.5,0.0,0.0,0.0,1.0,0.0
976,0.1220657276995305,0.0,0.0,0.75,0.5,1.0,1.0,0.5,0.0,0.0,0.0,1.0,0.0
977,0.24882629107981225,1.0,0.5,0.5,0.0,0.0,0.0,1.0,1.0,1.0,0.0,1.0,0.0
978,0.14553990610328638,0.5,0.5,0.5,0.0,0.0,0.0,1.0,1.0,0.0,0.0,1.0,0.0
979,0.22065727699530518,0.5,0.5,0.25,0.5,0.0,0.0,0.5,1.0,0.0,0.0,0.0,1.0
980,0.22535211267605637,0.5,0.5,0.25,0.5,0.0,0.0,0.5,1.0,0.0,0.0,0.0,1.0
981,0.24882629107981225,0.5,0.5,0.5,0.0,1.0,1.0,1.0,1.0,1.0,1.0,1.0,0.0
982,0.2112676056338028,0.5,0.5,1.0,0.5,0.0,1.0,0.0,1.0,0.0,1.0,1.0,1.0
983,0.07981220657276994,0.0,0.0,0.75,0.5,1.0,1.0,0.0,0.0,0.0,0.0,0.5,0.0
984,0.16901408450704225,0.0,1.0,0.25,1.0,1.0,0.0,0.5,0.0,0.0,1.0,0.0,1.0
985,0.032863849765258246,0.5,0.5,0.25,0.5,0.0,0.0,0.5,0.0,0.0,0.0,0.0,0.0
986,0.051643192488262935,1.0,0.5,0.25,0.5,0.0,0.0,1.0,0.0,1.0,0.0,0.5,0.0
987,0.05633802816901412,0.5,0.5,0.25,0.5,1.0,0.0,0.5,0.0,1.0,0.0,0.0,0.0
988,0.13145539906103287,0.5,0.5,0.25,0.0,1.0,1.0,1.0,1.0,1.0,1.0,0.5,0.0
989,0.16431924882629106,0.5,0.5,0.25,0.0,1.0,1.0,1.0,1.0,1.0,1.0,0.5,0.0
990,0.10328638497652581,0.0,0.0,0.25,1.0,1.0,1.0,1.0,0.0,0.0,0.0,0.5,1.0
991,0.16901408450704225,0.0,0.0,0.25,1.0,1.0,1.0,1.0,0.0,0.0,0.0,0.5,1.0
992,0.14084507042253525,0.5,0.5,1.0,0.0,0.0,1.0,0.0,1.0,0.0,1.0,1.0,0.0
993,0.17840375586854462,0.5,0.5,0.5,1.0,1.0,1.0,0.5,0.0,1.0,1.0,0.5,1.0
