,pair_duration,c2-c1,h2-h1,i2-i1,n2-n1,c1,h1,i1,n1,c2,h2,i2,n2
0,0.18357487922705312,1.0,0.0,0.75,0.5,0.0,1.0,0.0,1.0,1.0,0.0,0.5,1.0
1,0.1159420289855072,0.0,0.5,0.5,0.0,1.0,0.0,0.5,1.0,0.0,0.0,0.5,0.0
2,0.06763285024154586,0.0,0.5,0.5,0.0,1.0,0.0,0.5,1.0,0.0,0.0,0.5,0.0
3,0.1111111111111111,0.5,0.5,0.25,1.0,0.0,0.0,0.5,0.0,0.0,0.0,0.0,1.0
4,0.13526570048309178,0.5,0.5,0.25,1.0,0.0,0.0,0.5,0.0,0.0,0.0,0.0,1.0
5,0.15942028985507245,1.0,0.5,0.5,0.5,0.0,0.0,0.0,1.0,1.0,0.0,0.0,1.0
6,0.2125603864734299,1.0,0.5,0.5,0.5,0.0,0.0,0.0,1.0,1.0,0.0,0.0,1.0
7,0.1111111111111111,0.5,0.0,0.5,0.0,1.0,1.0,0.5,1.0,1.0,0.0,0.5,0.0
8,0.13043478260869562,0.5,0.0,0.5,0.0,1.0,1.0,0.5,1.0,1.0,0.0,0.5,0.0
9,0.10628019323671495,0.5,1.0,0.25,1.0,1.0,0.0,0.5,0.0,1.0,1.0,0.0,1.0
10,0.1111111111111111,0.5,1.0,0.25,1.0,1.0,0.0,0.5,0.0,1.0,1.0,0.0,1.0
11,0.14009661835748793,0.5,0.0,1.0,1.0,1.0,1.0,0.0,0.0,1.0,0.0,1.0,1.0
12,0.20772946859903385,0.5,0.0,1.0,1.0,1.0,1.0,0.0,0.0,1.0,0.0,1.0,1.0
13,0.10628019323671495,0.5,0.0,1.0,1.0,1.0,1.0,0.0,0.0,1.0,0.0,1.0,1.0
14,0.14009661835748793,0.5,0.5,0.25,1.0,0.0,1.0,1.0,0.0,0.0,1.0,0.5,1.0
15,0.17874396135265697,0.5,0.5,0.25,0.5,0.0,1.0,0.5,1.0,0.0,1.0,0.0,1.0
16,0.21739130434782605,1.0,0.5,0.75,0.0,0.0,1.0,0.0,1.0,1.0,1.0,0.5,0.0
17,0.14492753623188404,1.0,0.5,0.75,0.0,0.0,1.0,0.0,1.0,1.0,1.0,0.5,0.0
18,0.08695652173913043,0.0,0.5,0.5,0.5,1.0,1.0,0.5,0.0,0.0,1.0,0.5,0.0
19,0.048309178743961345,1.0,0.5,0.25,0.5,0.0,1.0,0.5,0.0,1.0,1.0,0.0,0.0
20,0.08212560386473428,0.5,0.0,0.75,0.5,1.0,1.0,0.0,0.0,1.0,0.0,0.5,0.0
21,0.014492753623188415,0.5,0.0,0.75,0.5,1.0,1.0,0.0,0.0,1.0,0.0,0.5,0.0
22,0.07246376811594202,0.5,0.0,0.75,0.5,1.0,1.0,0.0,0.0,1.0,0.0,0.5,0.0
23,0.07729468599033817,0.0,0.5,0.75,0.5,1.0,0.0,0.5,0.0,0.0,0.0,1.0,0.0
24,0.053140096618357446,0.0,0.5,0.75,0.5,1.0,0.0,0.5,0.0,0.0,0.0,1.0,0.0
25,0.20772946859903385,0.5,0.5,0.75,0.5,0.0,0.0,0.0,1.0,0.0,0.0,0.5,1.0
26,0.23671497584541057,0.5,1.0,0.75,0.5,0.0,0.0,0.5,1.0,0.0,1.0,1.0,1.0
27,0.2657004830917874,0.5,1.0,0.75,0.5,0.0,0.0,0.5,1.0,0.0,1.0,1.0,1.0
28,0.20772946859903385,0.5,1.0,0.75,0.5,0.0,0.0,0.5,1.0,0.0,1.0,1.0,1.0
29,0.1690821256038647,1.0,0.0,0.25,0.5,0.0,1.0,1.0,1.0,1.0,0.0,0.5,1.0
30,0.17391304347826086,0.0,0.5,0.5,0.5,1.0,0.0,0.5,1.0,0.0,0.0,0.5,1.0
31,0.23188405797101452,0.0,0.5,0.5,0.5,1.0,0.0,0.5,1.0,0.0,0.0,0.5,1.0
32,0.028985507246376774,0.0,0.5,1.0,0.5,1.0,1.0,0.0,0.0,0.0,1.0,1.0,0.0
33,0.09178743961352653,0.0,0.5,1.0,0.5,1.0,1.0,0.0,0.0,0.0,1.0,1.0,0.0
34,0.25120772946859904,0.5,1.0,0.5,0.5,1.0,0.0,1.0,1.0,1.0,1.0,1.0,1.0
35,0.07729468599033817,0.0,0.5,0.5,0.5,1.0,0.0,0.5,0.0,0.0,0.0,0.5,0.0
36,0.009661835748792258,0.0,0.5,0.5,0.5,1.0,0.0,0.5,0.0,0.0,0.0,0.5,0.0
37,0.028985507246376774,0.0,0.5,0.5,0.5,1.0,0.0,0.5,0.0,0.0,0.0,0.5,0.0
38,0.09178743961352653,1.0,0.5,0.75,0.5,0.0,0.0,0.5,0.0,1.0,0.0,1.0,0.0
39,0.0579710144927536,1.0,0.5,0.75,0.5,0.0,0.0,0.5,0.0,1.0,0.0,1.0,0.0
40,0.0,1.0,0.5,0.75,0.5,0.0,0.0,0.5,0.0,1.0,0.0,1.0,0.0
41,0.07729468599033817,1.0,0.5,1.0,0.5,0.0,1.0,0.0,0.0,1.0,1.0,1.0,0.0
42,0.06763285024154586,1.0,0.5,1.0,0.5,0.0,1.0,0.0,0.0,1.0,1.0,1.0,0.0
43,0.03381642512077293,1.0,0.5,1.0,0.5,0.0,1.0,0.0,0.0,1.0,1.0,1.0,0.0
44,0.08695652173913043,1.0,0.5,1.0,0.5,0.0,1.0,0.0,0.0,1.0,1.0,1.0,0.0
45,0.06280193236714976,1.0,0.5,1.0,0.5,0.0,1.0,0.0,0.0,1.0,1.0,1.0,0.0
46,0.12560386473429952,1.0,0.0,0.75,1.0,0.0,1.0,0.5,0.0,1.0,0.0,1.0,1.0
47,0.13043478260869562,1.0,0.0,0.75,1.0,0.0,1.0,0.5,0.0,1.0,0.0,1.0,1.0
48,0.10628019323671495,1.0,0.0,0.75,1.0,0.0,1.0,0.5,0.0,1.0,0.0,1.0,1.0
49,0.1159420289855072,1.0,0.0,0.75,1.0,0.0,1.0,0.5,0.0,1.0,0.0,1.0,1.0
50,0.19806763285024154,0.5,0.5,0.25,0.5,1.0,0.0,1.0,1.0,1.0,0.0,0.5,1.0
51,0.19806763285024154,0.0,1.0,0.5,0.5,1.0,0.0,0.5,1.0,0.0,1.0,0.5,1.0
52,0.23671497584541057,0.0,1.0,0.5,0.5,1.0,0.0,0.5,1.0,0.0,1.0,0.5,1.0
53,0.12560386473429952,0.0,1.0,0.5,0.5,1.0,0.0,0.5,1.0,0.0,1.0,0.5,1.0
54,0.25120772946859904,1.0,0.5,0.25,0.5,0.0,1.0,0.5,1.0,1.0,1.0,0.0,1.0
55,0.2850241545893719,1.0,0.5,0.25,0.5,0.0,1.0,0.5,1.0,1.0,1.0,0.0,1.0
56,0.21739130434782605,0.5,0.5,1.0,0.5,1.0,1.0,0.0,1.0,1.0,1.0,1.0,1.0
57,0.19323671497584538,0.5,0.5,1.0,0.5,1.0,1.0,0.0,1.0,1.0,1.0,1.0,1.0
58,0.22705314009661837,0.5,0.5,1.0,0.5,1.0,1.0,0.0,1.0,1.0,1.0,1.0,1.0
59,0.19806763285024154,0.5,0.5,1.0,0.5,1.0,1.0,0.0,1.0,1.0,1.0,1.0,1.0
60,0.1545893719806763,0.5,0.0,0.5,1.0,1.0,1.0,1.0,0.0,1.0,0.0,1.0,1.0
61,0.10144927536231885,0.5,0.0,0.5,1.0,1.0,1.0,1.0,0.0,1.0,0.0,1.0,1.0
62,0.18357487922705312,0.0,0.5,1.0,0.0,1.0,1.0,0.0,1.0,0.0,1.0,1.0,0.0
63,0.12077294685990336,0.0,0.5,1.0,0.0,1.0,1.0,0.0,1.0,0.0,1.0,1.0,0.0
64,0.23671497584541057,0.0,0.5,1.0,0.0,1.0,1.0,0.0,1.0,0.0,1.0,1.0,0.0
65,0.12560386473429952,0.0,0.5,1.0,0.0,1.0,1.0,0.0,1.0,0.0,1.0,1.0,0.0
66,0.07246376811594202,0.0,0.5,0.5,0.5,1.0,0.0,1.0,0.0,0.0,0.0,1.0,0.0
67,0.019323671497584516,0.0,0.5,0.5,0.5,1.0,0.0,1.0,0.0,0.0,0.0,1.0,0.0
68,0.23671497584541057,0.0,0.5,0.5,0.5,1.0,0.0,1.0,0.0,0.0,0.0,1.0,0.0
69,0.03864734299516909,0.0,0.5,0.5,0.5,1.0,0.0,1.0,0.0,0.0,0.0,1.0,0.0
70,0.2028985507246377,1.0,1.0,0.5,1.0,0.0,0.0,1.0,0.0,1.0,1.0,1.0,1.0
71,0.15942028985507245,1.0,1.0,0.5,1.0,0.0,0.0,1.0,0.0,1.0,1.0,1.0,1.0
72,0.0579710144927536,1.0,0.0,0.5,0.5,0.0,1.0,0.0,0.0,1.0,0.0,0.0,0.0
73,0.048309178743961345,0.0,0.5,1.0,0.5,1.0,0.0,0.0,0.0,0.0,0.0,1.0,0.0
74,0.03864734299516909,0.0,0.5,1.0,0.5,1.0,0.0,0.0,0.0,0.0,0.0,1.0,0.0
75,0.09661835748792269,0.5,1.0,1.0,0.0,1.0,0.0,0.0,1.0,1.0,1.0,1.0,0.0
76,0.15942028985507245,0.5,1.0,1.0,0.0,1.0,0.0,0.0,1.0,1.0,1.0,1.0,0.0
77,0.1111111111111111,0.5,1.0,1.0,0.0,1.0,0.0,0.0,1.0,1.0,1.0,1.0,0.0
78,0.18840579710144928,0.5,1.0,1.0,0.0,1.0,0.0,0.0,1.0,1.0,1.0,1.0,0.0
79,0.04347826086956519,0.5,0.0,0.5,0.5,1.0,1.0,1.0,0.0,1.0,0.0,1.0,0.0
80,0.1159420289855072,0.5,1.0,0.25,1.0,1.0,0.0,1.0,0.0,1.0,1.0,0.5,1.0
81,0.3719806763285024,0.0,0.5,0.5,0.5,1.0,1.0,0.5,1.0,0.0,1.0,0.5,1.0
82,0.23671497584541057,0.0,0.5,0.5,0.5,1.0,1.0,0.5,1.0,0.0,1.0,0.5,1.0
83,0.14492753623188404,0.5,0.0,0.75,1.0,1.0,1.0,0.0,0.0,1.0,0.0,0.5,1.0
84,0.17391304347826086,0.5,0.0,0.75,1.0,1.0,1.0,0.0,0.0,1.0,0.0,0.5,1.0
85,0.14492753623188404,0.5,1.0,0.75,0.5,1.0,0.0,0.0,1.0,1.0,1.0,0.5,1.0
86,0.20772946859903385,0.5,1.0,0.75,0.5,1.0,0.0,0.0,1.0,1.0,1.0,0.5,1.0
87,0.32367149758454106,0.5,1.0,0.75,0.5,1.0,0.0,0.0,1.0,1.0,1.0,0.5,1.0
88,0.23671497584541057,0.5,1.0,0.75,0.5,1.0,0.0,0.0,1.0,1.0,1.0,0.5,1.0
89,0.1545893719806763,0.5,1.0,0.75,0.5,1.0,0.0,0.0,1.0,1.0,1.0,0.5,1.0
90,0.14009661835748793,0.5,0.5,0.5,0.0,0.0,0.0,1.0,1.0,0.0,0.0,1.0,0.0
91,0.13043478260869562,0.5,0.5,0.5,0.0,0.0,0.0,1.0,1.0,0.0,0.0,1.0,0.0
92,0.028985507246376774,1.0,0.0,0.5,0.5,0.0,1.0,1.0,0.0,1.0,0.0,1.0,0.0
93,0.09661835748792269,0.0,1.0,0.0,1.0,1.0,0.0,1.0,0.0,0.0,1.0,0.0,1.0
94,0.13526570048309178,0.0,1.0,0.0,1.0,1.0,0.0,1.0,0.0,0.0,1.0,0.0,1.0
95,0.053140096618357446,0.5,0.0,0.25,0.5,0.0,1.0,1.0,0.0,0.0,0.0,0.5,0.0
96,0.2946859903381642,1.0,0.5,0.0,0.5,0.0,0.0,1.0,1.0,1.0,0.0,0.0,1.0
97,0.14492753623188404,0.5,0.5,0.5,0.0,1.0,1.0,0.5,1.0,1.0,1.0,0.5,0.0
98,0.1545893719806763,0.5,0.5,0.5,0.0,1.0,1.0,0.5,1.0,1.0,1.0,0.5,0.0
99,0.1497584541062802,0.5,0.5,0.5,0.0,1.0,1.0,0.5,1.0,1.0,1.0,0.5,0.0
100,0.1690821256038647,0.0,0.5,0.25,1.0,1.0,0.0,0.5,0.0,0.0,0.0,0.0,1.0
101,0.22705314009661837,0.0,0.5,0.25,1.0,1.0,0.0,0.5,0.0,0.0,0.0,0.0,1.0
102,0.15942028985507245,0.0,0.0,0.25,0.5,1.0,1.0,1.0,1.0,0.0,0.0,0.5,1.0
103,0.1642512077294686,0.0,0.0,0.25,0.5,1.0,1.0,1.0,1.0,0.0,0.0,0.5,1.0
104,0.07729468599033817,0.5,1.0,0.25,0.0,0.0,0.0,1.0,1.0,0.0,1.0,0.5,0.0
105,0.10144927536231885,1.0,0.5,0.5,1.0,0.0,1.0,0.5,0.0,1.0,1.0,0.5,1.0
106,0.2946859903381642,1.0,1.0,0.5,0.5,0.0,0.0,1.0,1.0,1.0,1.0,1.0,1.0
107,0.1159420289855072,0.0,0.0,0.25,0.0,1.0,1.0,1.0,1.0,0.0,0.0,0.5,0.0
108,0.09178743961352653,1.0,1.0,0.75,0.5,0.0,0.0,0.5,0.0,1.0,1.0,1.0,0.0
109,0.1111111111111111,1.0,1.0,0.75,0.5,0.0,0.0,0.5,0.0,1.0,1.0,1.0,0.0
110,0.23188405797101452,1.0,0.0,0.0,0.5,0.0,1.0,1.0,1.0,1.0,0.0,0.0,1.0
111,0.18840579710144928,1.0,0.0,0.0,0.5,0.0,1.0,1.0,1.0,1.0,0.0,0.0,1.0
112,0.1545893719806763,0.0,0.5,0.75,1.0,1.0,1.0,0.0,0.0,0.0,1.0,0.5,1.0
113,0.09661835748792269,0.0,0.5,0.75,1.0,1.0,1.0,0.0,0.0,0.0,1.0,0.5,1.0
114,0.20772946859903385,1.0,0.0,0.75,0.5,0.0,1.0,0.5,1.0,1.0,0.0,1.0,1.0
115,0.17874396135265697,1.0,0.0,0.75,0.5,0.0,1.0,0.5,1.0,1.0,0.0,1.0,1.0
116,0.21739130434782605,1.0,0.0,0.75,0.5,0.0,1.0,0.5,1.0,1.0,0.0,1.0,1.0
117,0.10628019323671495,0.5,0.5,0.0,0.0,1.0,0.0,1.0,1.0,1.0,0.0,0.0,0.0
118,0.23188405797101452,1.0,0.5,0.5,0.5,0.0,0.0,0.5,1.0,1.0,0.0,0.5,1.0
119,0.17391304347826086,1.0,0.5,0.5,0.5,0.0,0.0,0.5,1.0,1.0,0.0,0.5,1.0
120,0.13526570048309178,0.5,0.5,0.0,0.0,1.0,1.0,1.0,1.0,1.0,1.0,0.0,0.0
121,0.15942028985507245,0.5,0.5,0.0,0.0,1.0,1.0,1.0,1.0,1.0,1.0,0.0,0.0
122,0.2125603864734299,0.5,0.0,1.0,0.0,1.0,1.0,0.0,1.0,1.0,0.0,1.0,0.0
123,0.12560386473429952,0.5,0.0,1.0,0.0,1.0,1.0,0.0,1.0,1.0,0.0,1.0,0.0
124,0.13043478260869562,0.5,0.0,1.0,0.0,1.0,1.0,0.0,1.0,1.0,0.0,1.0,0.0
125,0.08212560386473428,0.5,0.5,0.0,0.5,0.0,0.0,1.0,0.0,0.0,0.0,0.0,0.0
126,0.12560386473429952,0.5,0.5,1.0,1.0,0.0,1.0,0.0,0.0,0.0,1.0,1.0,1.0
127,0.13043478260869562,0.5,0.5,1.0,1.0,0.0,1.0,0.0,0.0,0.0,1.0,1.0,1.0
128,0.2222222222222222,1.0,0.5,0.25,0.5,0.0,1.0,1.0,1.0,1.0,1.0,0.5,1.0
129,0.23671497584541057,1.0,0.5,0.25,0.5,0.0,1.0,1.0,1.0,1.0,1.0,0.5,1.0
130,0.03864734299516909,1.0,1.0,1.0,0.5,0.0,0.0,0.0,0.0,1.0,1.0,1.0,0.0
131,0.053140096618357446,1.0,1.0,1.0,0.5,0.0,0.0,0.0,0.0,1.0,1.0,1.0,0.0
132,0.09661835748792269,0.0,0.5,0.0,1.0,1.0,1.0,1.0,0.0,0.0,1.0,0.0,1.0
133,0.12560386473429952,0.0,0.5,0.0,1.0,1.0,1.0,1.0,0.0,0.0,1.0,0.0,1.0
134,0.10628019323671495,0.0,0.5,0.0,1.0,1.0,1.0,1.0,0.0,0.0,1.0,0.0,1.0
135,0.15942028985507245,0.0,0.5,0.0,1.0,1.0,1.0,1.0,0.0,0.0,1.0,0.0,1.0
136,0.024154589371980673,0.5,0.5,0.75,0.5,1.0,1.0,0.5,0.0,1.0,1.0,1.0,0.0
137,0.1111111111111111,1.0,0.5,0.25,1.0,0.0,1.0,0.5,0.0,1.0,1.0,0.0,1.0
138,0.09178743961352653,1.0,0.5,0.25,1.0,0.0,1.0,0.5,0.0,1.0,1.0,0.0,1.0
139,0.09178743961352653,1.0,0.5,0.0,0.5,0.0,1.0,1.0,0.0,1.0,1.0,0.0,0.0
140,0.028985507246376774,1.0,0.5,0.0,0.5,0.0,1.0,1.0,0.0,1.0,1.0,0.0,0.0
141,0.12077294685990336,0.5,0.0,1.0,0.5,1.0,1.0,0.0,0.0,1.0,0.0,1.0,0.0
142,0.03381642512077293,0.5,0.0,1.0,0.5,1.0,1.0,0.0,0.0,1.0,0.0,1.0,0.0
143,0.048309178743961345,0.5,0.0,1.0,0.5,1.0,1.0,0.0,0.0,1.0,0.0,1.0,0.0
144,0.09661835748792269,0.0,0.5,0.25,1.0,1.0,0.0,1.0,0.0,0.0,0.0,0.5,1.0
145,0.07729468599033817,0.0,0.5,0.25,1.0,1.0,0.0,1.0,0.0,0.0,0.0,0.5,1.0
146,0.1111111111111111,0.5,1.0,0.75,0.0,0.0,0.0,0.5,1.0,0.0,1.0,1.0,0.0
147,0.10628019323671495,0.5,1.0,0.75,0.0,0.0,0.0,0.5,1.0,0.0,1.0,1.0,0.0
148,0.1159420289855072,1.0,0.5,0.0,0.5,0.0,1.0,1.0,1.0,1.0,1.0,0.0,1.0
149,0.25120772946859904,1.0,0.5,0.0,0.5,0.0,1.0,1.0,1.0,1.0,1.0,0.0,1.0
150,0.26086956521739124,1.0,0.5,0.0,0.5,0.0,1.0,1.0,1.0,1.0,1.0,0.0,1.0
151,0.2995169082125604,1.0,0.5,0.0,0.5,0.0,1.0,1.0,1.0,1.0,1.0,0.0,1.0
152,0.2560386473429952,1.0,0.5,0.0,0.5,0.0,1.0,1.0,1.0,1.0,1.0,0.0,1.0
153,0.1159420289855072,0.0,1.0,0.75,0.0,1.0,0.0,0.0,1.0,0.0,1.0,0.5,0.0
154,0.13043478260869562,0.0,1.0,0.75,0.0,1.0,0.0,0.0,1.0,0.0,1.0,0.5,0.0
155,0.0579710144927536,1.0,0.5,0.75,0.5,0.0,1.0,0.5,0.0,1.0,1.0,1.0,0.0
156,0.09178743961352653,1.0,0.5,0.75,0.5,0.0,1.0,0.5,0.0,1.0,1.0,1.0,0.0
157,0.08695652173913043,0.5,1.0,0.5,1.0,0.0,0.0,0.5,0.0,0.0,1.0,0.5,1.0
158,0.17391304347826086,0.5,0.5,0.25,0.0,0.0,1.0,0.5,1.0,0.0,1.0,0.0,0.0
159,0.1159420289855072,1.0,1.0,0.25,0.5,0.0,0.0,0.5,0.0,1.0,1.0,0.0,0.0
160,0.024154589371980673,1.0,1.0,0.25,0.5,0.0,0.0,0.5,0.0,1.0,1.0,0.0,0.0
161,0.019323671497584516,1.0,0.5,1.0,0.5,0.0,0.0,0.0,0.0,1.0,0.0,1.0,0.0
162,0.07246376811594202,1.0,0.5,1.0,0.5,0.0,0.0,0.0,0.0,1.0,0.0,1.0,0.0
163,0.1642512077294686,0.0,1.0,0.5,1.0,1.0,0.0,1.0,0.0,0.0,1.0,1.0,1.0
164,0.0579710144927536,0.0,1.0,0.5,1.0,1.0,0.0,1.0,0.0,0.0,1.0,1.0,1.0
165,0.12560386473429952,0.0,1.0,0.5,1.0,1.0,0.0,1.0,0.0,0.0,1.0,1.0,1.0
166,0.20772946859903385,0.5,0.5,0.25,0.5,0.0,0.0,0.5,1.0,0.0,0.0,0.0,1.0
167,0.22705314009661837,1.0,1.0,0.75,0.5,0.0,0.0,0.0,1.0,1.0,1.0,0.5,1.0
168,0.17391304347826086,1.0,1.0,0.75,0.5,0.0,0.0,0.0,1.0,1.0,1.0,0.5,1.0
169,0.09178743961352653,0.5,1.0,0.75,1.0,1.0,0.0,0.0,0.0,1.0,1.0,0.5,1.0
170,0.06763285024154586,0.5,1.0,0.75,1.0,1.0,0.0,0.0,0.0,1.0,1.0,0.5,1.0
171,0.12077294685990336,0.5,1.0,0.75,1.0,1.0,0.0,0.0,0.0,1.0,1.0,0.5,1.0
172,0.10144927536231885,0.5,0.5,0.25,0.0,1.0,1.0,0.5,1.0,1.0,1.0,0.0,0.0
173,0.1642512077294686,0.5,0.5,0.25,0.0,1.0,1.0,0.5,1.0,1.0,1.0,0.0,0.0
174,0.26086956521739124,0.5,0.5,0.25,0.0,1.0,1.0,0.5,1.0,1.0,1.0,0.0,0.0
175,0.15942028985507245,0.5,0.5,1.0,1.0,1.0,1.0,0.0,0.0,1.0,1.0,1.0,1.0
176,0.13526570048309178,0.5,0.5,1.0,1.0,1.0,1.0,0.0,0.0,1.0,1.0,1.0,1.0
177,0.1497584541062802,1.0,0.0,0.75,0.0,0.0,1.0,0.0,1.0,1.0,0.0,0.5,0.0
178,0.07729468599033817,1.0,0.0,0.75,0.0,0.0,1.0,0.0,1.0,1.0,0.0,0.5,0.0
179,0.06763285024154586,0.0,0.5,0.5,1.0,1.0,0.0,0.5,0.0,0.0,0.0,0.5,1.0
180,0.1497584541062802,0.0,0.5,0.5,1.0,1.0,0.0,0.5,0.0,0.0,0.0,0.5,1.0
181,0.08212560386473428,0.0,0.5,0.5,1.0,1.0,0.0,0.5,0.0,0.0,0.0,0.5,1.0
182,0.07729468599033817,1.0,0.5,0.75,0.0,0.0,0.0,0.5,1.0,1.0,0.0,1.0,0.0
183,0.09661835748792269,1.0,0.5,0.75,0.0,0.0,0.0,0.5,1.0,1.0,0.0,1.0,0.0
184,0.14009661835748793,0.0,1.0,0.25,1.0,1.0,0.0,1.0,0.0,0.0,1.0,0.5,1.0
185,0.09178743961352653,0.0,1.0,0.25,1.0,1.0,0.0,1.0,0.0,0.0,1.0,0.5,1.0
186,0.10628019323671495,0.0,1.0,0.25,1.0,1.0,0.0,1.0,0.0,0.0,1.0,0.5,1.0
187,0.13043478260869562,0.5,0.5,0.0,1.0,0.0,0.0,1.0,0.0,0.0,0.0,0.0,1.0
188,0.08695652173913043,0.5,0.5,0.0,1.0,0.0,0.0,1.0,0.0,0.0,0.0,0.0,1.0
189,0.09178743961352653,0.5,0.5,0.0,1.0,0.0,0.0,1.0,0.0,0.0,0.0,0.0,1.0
190,0.25120772946859904,0.5,0.0,0.75,0.5,1.0,1.0,0.5,1.0,1.0,0.0,1.0,1.0
191,0.24637681159420288,0.5,0.5,0.0,0.5,0.0,1.0,1.0,1.0,0.0,1.0,0.0,1.0
192,0.18840579710144928,0.5,0.0,0.5,0.0,0.0,1.0,0.0,1.0,0.0,0.0,0.0,0.0
193,0.1159420289855072,0.5,0.0,0.5,0.0,0.0,1.0,0.0,1.0,0.0,0.0,0.0,0.0
194,0.10144927536231885,0.5,0.0,0.5,0.0,0.0,1.0,0.0,1.0,0.0,0.0,0.0,0.0
195,0.14009661835748793,0.5,0.5,0.75,0.0,1.0,0.0,0.5,1.0,1.0,0.0,1.0,0.0
196,0.028985507246376774,0.5,1.0,0.25,0.5,1.0,0.0,1.0,0.0,1.0,1.0,0.5,0.0
197,0.03381642512077293,0.5,1.0,0.25,0.5,1.0,0.0,1.0,0.0,1.0,1.0,0.5,0.0
198,0.2222222222222222,0.5,0.0,0.0,0.5,0.0,1.0,1.0,1.0,0.0,0.0,0.0,1.0
199,0.19806763285024154,0.5,0.0,0.0,0.5,0.0,1.0,1.0,1.0,0.0,0.0,0.0,1.0
200,0.2560386473429952,0.5,0.0,0.0,0.5,0.0,1.0,1.0,1.0,0.0,0.0,0.0,1.0
201,0.24154589371980673,0.5,0.0,0.0,0.5,0.0,1.0,1.0,1.0,0.0,0.0,0.0,1.0
202,0.10144927536231885,0.5,1.0,0.5,0.0,1.0,0.0,0.0,1.0,1.0,1.0,0.0,0.0
203,0.04347826086956519,1.0,0.0,1.0,0.5,0.0,1.0,0.0,0.0,1.0,0.0,1.0,0.0
204,0.0579710144927536,1.0,0.0,1.0,0.5,0.0,1.0,0.0,0.0,1.0,0.0,1.0,0.0
205,0.10144927536231885,1.0,0.0,1.0,0.5,0.0,1.0,0.0,0.0,1.0,0.0,1.0,0.0
206,0.15942028985507245,1.0,0.5,1.0,0.0,0.0,1.0,0.0,1.0,1.0,1.0,1.0,0.0
207,0.10628019323671495,1.0,0.5,1.0,0.0,0.0,1.0,0.0,1.0,1.0,1.0,1.0,0.0
208,0.09661835748792269,1.0,0.5,1.0,0.0,0.0,1.0,0.0,1.0,1.0,1.0,1.0,0.0
209,0.12560386473429952,1.0,0.5,1.0,0.0,0.0,1.0,0.0,1.0,1.0,1.0,1.0,0.0
210,0.024154589371980673,1.0,0.5,0.5,0.5,0.0,0.0,0.0,0.0,1.0,0.0,0.0,0.0
211,0.04347826086956519,1.0,0.5,0.5,0.5,0.0,0.0,0.0,0.0,1.0,0.0,0.0,0.0
212,0.14009661835748793,0.0,0.5,1.0,1.0,1.0,0.0,0.0,0.0,0.0,0.0,1.0,1.0
213,0.17874396135265697,0.0,0.5,1.0,1.0,1.0,0.0,0.0,0.0,0.0,0.0,1.0,1.0
214,0.1159420289855072,0.0,0.5,1.0,1.0,1.0,0.0,0.0,0.0,0.0,0.0,1.0,1.0
215,0.09178743961352653,0.0,0.0,0.75,0.0,1.0,1.0,0.0,1.0,0.0,0.0,0.5,0.0
216,0.08212560386473428,1.0,0.5,0.25,1.0,0.0,0.0,0.5,0.0,1.0,0.0,0.0,1.0
217,0.07246376811594202,1.0,0.5,0.25,1.0,0.0,0.0,0.5,0.0,1.0,0.0,0.0,1.0
218,0.1497584541062802,1.0,0.5,0.25,1.0,0.0,0.0,0.5,0.0,1.0,0.0,0.0,1.0
219,0.13526570048309178,1.0,0.5,0.25,1.0,0.0,0.0,0.5,0.0,1.0,0.0,0.0,1.0
220,0.09178743961352653,1.0,0.5,0.25,1.0,0.0,0.0,0.5,0.0,1.0,0.0,0.0,1.0
221,0.03864734299516909,0.0,0.0,0.25,0.5,1.0,1.0,0.5,0.0,0.0,0.0,0.0,0.0
222,0.03381642512077293,0.5,0.5,0.75,0.5,1.0,0.0,0.5,0.0,1.0,0.0,1.0,0.0
223,0.0579710144927536,0.5,0.5,0.75,0.5,1.0,0.0,0.5,0.0,1.0,0.0,1.0,0.0
224,0.028985507246376774,0.0,1.0,0.5,0.5,1.0,0.0,1.0,0.0,0.0,1.0,1.0,0.0
225,0.1159420289855072,1.0,1.0,0.25,1.0,0.0,0.0,1.0,0.0,1.0,1.0,0.5,1.0
226,0.1497584541062802,0.0,0.0,0.75,0.5,1.0,1.0,0.5,1.0,0.0,0.0,1.0,1.0
227,0.23671497584541057,0.0,0.0,0.75,0.5,1.0,1.0,0.5,1.0,0.0,0.0,1.0,1.0
228,0.13043478260869562,0.5,1.0,0.0,0.0,0.0,0.0,1.0,1.0,0.0,1.0,0.0,0.0
229,0.1111111111111111,0.5,1.0,0.0,0.0,0.0,0.0,1.0,1.0,0.0,1.0,0.0,0.0
230,0.07729468599033817,0.5,1.0,1.0,0.5,0.0,0.0,0.0,0.0,0.0,1.0,1.0,0.0
231,0.07246376811594202,0.5,1.0,1.0,0.5,0.0,0.0,0.0,0.0,0.0,1.0,1.0,0.0
232,0.004830917874396101,0.5,1.0,1.0,0.5,0.0,0.0,0.0,0.0,0.0,1.0,1.0,0.0
233,0.06763285024154586,1.0,0.5,0.25,0.5,0.0,1.0,1.0,0.0,1.0,1.0,0.5,0.0
234,0.053140096618357446,1.0,0.5,0.25,0.5,0.0,1.0,1.0,0.0,1.0,1.0,0.5,0.0
235,0.024154589371980673,1.0,0.5,0.25,0.5,0.0,1.0,1.0,0.0,1.0,1.0,0.5,0.0
236,0.06280193236714976,0.5,0.5,0.25,0.5,1.0,1.0,0.5,0.0,1.0,1.0,0.0,0.0
237,0.08212560386473428,0.5,0.5,0.25,0.5,1.0,1.0,0.5,0.0,1.0,1.0,0.0,0.0
238,0.15942028985507245,1.0,1.0,0.75,0.5,0.0,0.0,0.5,1.0,1.0,1.0,1.0,1.0
239,0.1642512077294686,1.0,1.0,0.75,0.5,0.0,0.0,0.5,1.0,1.0,1.0,1.0,1.0
240,0.17391304347826086,0.5,0.0,0.25,0.5,1.0,1.0,1.0,1.0,1.0,0.0,0.5,1.0
241,0.21739130434782605,0.5,0.0,0.25,0.5,1.0,1.0,1.0,1.0,1.0,0.0,0.5,1.0
242,0.20772946859903385,0.5,0.0,0.25,0.5,1.0,1.0,1.0,1.0,1.0,0.0,0.5,1.0
243,0.19806763285024154,0.5,0.5,0.75,0.5,1.0,0.0,0.5,1.0,1.0,0.0,1.0,1.0
244,0.2125603864734299,0.5,1.0,0.0,0.5,1.0,0.0,1.0,1.0,1.0,1.0,0.0,1.0
245,0.20772946859903385,0.5,1.0,0.0,0.5,1.0,0.0,1.0,1.0,1.0,1.0,0.0,1.0
246,0.15942028985507245,0.5,1.0,0.0,0.5,1.0,0.0,1.0,1.0,1.0,1.0,0.0,1.0
247,0.0579710144927536,0.5,1.0,1.0,0.5,1.0,0.0,0.0,0.0,1.0,1.0,1.0,0.0
248,0.15942028985507245,0.0,0.0,0.0,1.0,1.0,1.0,1.0,0.0,0.0,0.0,0.0,1.0
249,0.08695652173913043,0.0,0.0,0.0,1.0,1.0,1.0,1.0,0.0,0.0,0.0,0.0,1.0
250,0.0579710144927536,0.5,0.0,0.0,0.5,1.0,1.0,1.0,0.0,1.0,0.0,0.0,0.0
251,0.14492753623188404,0.0,1.0,1.0,1.0,1.0,0.0,0.0,0.0,0.0,1.0,1.0,1.0
252,0.13043478260869562,0.5,0.5,0.25,0.0,0.0,1.0,1.0,1.0,0.0,1.0,0.5,0.0
253,0.14009661835748793,0.5,0.5,0.25,0.0,0.0,1.0,1.0,1.0,0.0,1.0,0.5,0.0
254,0.09178743961352653,0.5,0.5,0.25,0.0,0.0,1.0,1.0,1.0,0.0,1.0,0.5,0.0
255,0.028985507246376774,0.5,0.0,0.5,0.5,0.0,1.0,0.5,0.0,0.0,0.0,0.5,0.0
256,0.009661835748792258,0.5,0.0,0.5,0.5,0.0,1.0,0.5,0.0,0.0,0.0,0.5,0.0
257,0.024154589371980673,0.5,0.0,0.5,0.5,0.0,1.0,0.5,0.0,0.0,0.0,0.5,0.0
258,0.10628019323671495,0.5,1.0,0.25,1.0,0.0,0.0,0.5,0.0,0.0,1.0,0.0,1.0
259,0.13526570048309178,0.5,1.0,0.25,1.0,0.0,0.0,0.5,0.0,0.0,1.0,0.0,1.0
260,0.19323671497584538,0.5,0.0,0.75,0.5,0.0,1.0,0.0,1.0,0.0,0.0,0.5,1.0
261,0.14492753623188404,0.5,0.0,0.5,1.0,1.0,1.0,0.5,0.0,1.0,0.0,0.5,1.0
262,0.18357487922705312,0.5,0.0,0.5,1.0,1.0,1.0,0.5,0.0,1.0,0.0,0.5,1.0
263,0.1111111111111111,0.0,0.5,0.75,0.0,1.0,0.0,0.5,1.0,0.0,0.0,1.0,0.0
264,0.14009661835748793,0.5,0.5,0.5,1.0,1.0,0.0,0.0,0.0,1.0,0.0,0.0,1.0
265,0.10144927536231885,0.5,0.5,0.5,1.0,1.0,0.0,0.0,0.0,1.0,0.0,0.0,1.0
266,0.1159420289855072,0.5,0.5,0.5,1.0,1.0,0.0,0.0,0.0,1.0,0.0,0.0,1.0
267,0.10628019323671495,0.5,0.0,0.25,1.0,0.0,1.0,1.0,0.0,0.0,0.0,0.5,1.0
268,0.1111111111111111,0.5,0.0,0.25,1.0,0.0,1.0,1.0,0.0,0.0,0.0,0.5,1.0
269,0.2946859903381642,0.0,0.0,0.5,0.5,1.0,1.0,1.0,1.0,0.0,0.0,1.0,1.0
270,0.08212560386473428,0.5,0.5,0.75,0.5,1.0,1.0,0.0,0.0,1.0,1.0,0.5,0.0
271,0.06280193236714976,0.5,0.5,0.75,0.5,1.0,1.0,0.0,0.0,1.0,1.0,0.5,0.0
272,0.053140096618357446,0.0,0.5,0.25,0.5,1.0,1.0,0.5,0.0,0.0,1.0,0.0,0.0
273,0.10144927536231885,0.0,0.5,0.25,0.5,1.0,1.0,0.5,0.0,0.0,1.0,0.0,0.0
274,0.18357487922705312,0.5,0.5,1.0,0.5,1.0,0.0,0.0,1.0,1.0,0.0,1.0,1.0
275,0.23188405797101452,0.5,0.5,1.0,0.5,1.0,0.0,0.0,1.0,1.0,0.0,1.0,1.0
276,0.23671497584541057,0.5,0.5,1.0,0.5,1.0,0.0,0.0,1.0,1.0,0.0,1.0,1.0
277,0.12560386473429952,0.5,0.5,1.0,0.5,1.0,0.0,0.0,1.0,1.0,0.0,1.0,1.0
278,0.25120772946859904,0.5,1.0,0.25,0.5,1.0,0.0,1.0,1.0,1.0,1.0,0.5,1.0
279,0.14492753623188404,1.0,0.0,0.0,0.0,0.0,1.0,1.0,1.0,1.0,0.0,0.0,0.0
280,0.13526570048309178,0.5,0.5,0.5,0.0,0.0,1.0,0.0,1.0,0.0,1.0,0.0,0.0
281,0.15942028985507245,0.5,0.5,0.5,0.0,0.0,1.0,0.0,1.0,0.0,1.0,0.0,0.0
282,0.13526570048309178,0.0,0.5,0.5,1.0,1.0,1.0,0.0,0.0,0.0,1.0,0.0,1.0
283,0.1111111111111111,1.0,1.0,0.75,1.0,0.0,0.0,0.0,0.0,1.0,1.0,0.5,1.0
284,0.1159420289855072,1.0,1.0,0.75,1.0,0.0,0.0,0.0,0.0,1.0,1.0,0.5,1.0
285,0.1159420289855072,0.0,0.0,0.75,0.0,1.0,1.0,0.5,1.0,0.0,0.0,1.0,0.0
286,0.14492753623188404,0.0,1.0,0.5,0.0,1.0,0.0,0.0,1.0,0.0,1.0,0.0,0.0
287,0.1111111111111111,0.0,1.0,0.5,0.0,1.0,0.0,0.0,1.0,0.0,1.0,0.0,0.0
288,0.18840579710144928,1.0,0.0,0.5,0.0,0.0,1.0,0.0,1.0,1.0,0.0,0.0,0.0
289,0.1159420289855072,1.0,0.0,0.5,0.0,0.0,1.0,0.0,1.0,1.0,0.0,0.0,0.0
290,0.15942028985507245,1.0,0.0,0.5,0.0,0.0,1.0,0.0,1.0,1.0,0.0,0.0,0.0
291,0.1497584541062802,0.0,0.5,0.5,1.0,1.0,0.0,0.0,0.0,0.0,0.0,0.0,1.0
292,0.13526570048309178,0.0,0.5,0.5,1.0,1.0,0.0,0.0,0.0,0.0,0.0,0.0,1.0
293,0.2850241545893719,1.0,1.0,0.5,0.5,0.0,0.0,0.0,1.0,1.0,1.0,0.0,1.0
294,0.21739130434782605,1.0,1.0,0.5,0.5,0.0,0.0,0.0,1.0,1.0,1.0,0.0,1.0
295,0.1111111111111111,0.5,0.0,0.75,0.0,1.0,1.0,0.0,1.0,1.0,0.0,0.5,0.0
296,0.10628019323671495,0.5,0.0,0.75,0.0,1.0,1.0,0.0,1.0,1.0,0.0,0.5,0.0
297,0.10144927536231885,0.0,0.5,0.0,0.0,1.0,1.0,1.0,1.0,0.0,1.0,0.0,0.0
298,0.17391304347826086,0.5,0.5,0.75,1.0,0.0,1.0,0.0,0.0,0.0,1.0,0.5,1.0
299,0.048309178743961345,0.5,1.0,0.0,0.5,1.0,0.0,1.0,0.0,1.0,1.0,0.0,0.0
300,0.12077294685990336,0.5,1.0,0.0,0.5,1.0,0.0,1.0,0.0,1.0,1.0,0.0,0.0
301,0.03381642512077293,0.5,1.0,0.0,0.5,1.0,0.0,1.0,0.0,1.0,1.0,0.0,0.0
302,0.1690821256038647,1.0,1.0,0.25,0.0,0.0,0.0,0.5,1.0,1.0,1.0,0.0,0.0
303,0.1545893719806763,1.0,1.0,0.25,0.0,0.0,0.0,0.5,1.0,1.0,1.0,0.0,0.0
304,0.1111111111111111,1.0,0.5,0.25,1.0,0.0,0.0,1.0,0.0,1.0,0.0,0.5,1.0
305,0.04347826086956519,1.0,0.0,0.0,0.5,0.0,1.0,1.0,0.0,1.0,0.0,0.0,0.0
306,0.028985507246376774,1.0,0.0,0.0,0.5,0.0,1.0,1.0,0.0,1.0,0.0,0.0,0.0
307,0.03864734299516909,1.0,0.0,0.0,0.5,0.0,1.0,1.0,0.0,1.0,0.0,0.0,0.0
308,0.06763285024154586,1.0,0.0,0.0,0.5,0.0,1.0,1.0,0.0,1.0,0.0,0.0,0.0
309,0.053140096618357446,1.0,0.0,0.0,0.5,0.0,1.0,1.0,0.0,1.0,0.0,0.0,0.0
310,0.1642512077294686,0.0,0.5,0.5,1.0,1.0,1.0,0.5,0.0,0.0,1.0,0.5,1.0
311,0.18357487922705312,0.0,0.5,0.5,1.0,1.0,1.0,0.5,0.0,0.0,1.0,0.5,1.0
312,0.17391304347826086,0.0,0.5,0.25,0.0,1.0,1.0,0.5,1.0,0.0,1.0,0.0,0.0
313,0.14009661835748793,0.0,0.5,0.25,0.0,1.0,1.0,0.5,1.0,0.0,1.0,0.0,0.0
314,0.10144927536231885,0.0,0.5,0.25,0.0,1.0,1.0,0.5,1.0,0.0,1.0,0.0,0.0
315,0.20772946859903385,0.0,0.5,0.0,0.5,1.0,0.0,1.0,1.0,0.0,0.0,0.0,1.0
316,0.19323671497584538,0.0,0.5,0.0,0.5,1.0,0.0,1.0,1.0,0.0,0.0,0.0,1.0
317,0.09178743961352653,0.0,0.5,0.75,0.0,1.0,0.0,0.0,1.0,0.0,0.0,0.5,0.0
318,0.07246376811594202,0.0,0.5,0.75,0.0,1.0,0.0,0.0,1.0,0.0,0.0,0.5,0.0
319,0.1497584541062802,0.0,0.5,0.75,0.0,1.0,0.0,0.0,1.0,0.0,0.0,0.5,0.0
320,0.08212560386473428,0.0,0.5,0.75,0.0,1.0,0.0,0.0,1.0,0.0,0.0,0.5,0.0
321,0.13526570048309178,0.0,0.5,0.75,0.0,1.0,0.0,0.0,1.0,0.0,0.0,0.5,0.0
322,0.024154589371980673,0.0,0.5,0.75,0.5,1.0,1.0,0.5,0.0,0.0,1.0,1.0,0.0
323,0.06763285024154586,0.0,0.5,0.75,0.5,1.0,1.0,0.5,0.0,0.0,1.0,1.0,0.0
324,0.053140096618357446,0.0,0.5,0.75,0.5,1.0,1.0,0.5,0.0,0.0,1.0,1.0,0.0
325,0.19323671497584538,1.0,0.5,1.0,0.5,0.0,0.0,0.0,1.0,1.0,0.0,1.0,1.0
326,0.20772946859903385,1.0,0.5,1.0,0.5,0.0,0.0,0.0,1.0,1.0,0.0,1.0,1.0
327,0.13043478260869562,0.0,1.0,0.25,0.0,1.0,0.0,1.0,1.0,0.0,1.0,0.5,0.0
328,0.12560386473429952,0.0,1.0,0.25,0.0,1.0,0.0,1.0,1.0,0.0,1.0,0.5,0.0
329,0.10628019323671495,0.0,1.0,0.25,0.0,1.0,0.0,1.0,1.0,0.0,1.0,0.5,0.0
330,0.1159420289855072,0.0,1.0,0.25,0.0,1.0,0.0,1.0,1.0,0.0,1.0,0.5,0.0
331,0.10144927536231885,0.5,0.5,0.25,0.0,0.0,0.0,0.5,1.0,0.0,0.0,0.0,0.0
332,0.09178743961352653,0.5,0.5,0.25,0.0,0.0,0.0,0.5,1.0,0.0,0.0,0.0,0.0
333,0.18840579710144928,1.0,0.5,0.75,0.5,0.0,1.0,0.5,1.0,1.0,1.0,1.0,1.0
334,0.15942028985507245,1.0,0.5,0.75,0.5,0.0,1.0,0.5,1.0,1.0,1.0,1.0,1.0
335,0.14009661835748793,0.5,1.0,0.75,0.0,0.0,0.0,0.0,1.0,0.0,1.0,0.5,0.0
336,0.1111111111111111,0.5,1.0,0.75,0.0,0.0,0.0,0.0,1.0,0.0,1.0,0.5,0.0
337,0.1159420289855072,0.5,1.0,0.75,0.0,0.0,0.0,0.0,1.0,0.0,1.0,0.5,0.0
338,0.1111111111111111,0.5,0.5,0.25,1.0,1.0,0.0,0.5,0.0,1.0,0.0,0.0,1.0
339,0.09178743961352653,0.5,0.5,0.25,1.0,1.0,0.0,0.5,0.0,1.0,0.0,0.0,1.0
340,0.08695652173913043,0.5,0.5,0.25,1.0,1.0,0.0,0.5,0.0,1.0,0.0,0.0,1.0
341,0.12077294685990336,0.5,0.5,0.25,1.0,1.0,0.0,0.5,0.0,1.0,0.0,0.0,1.0
342,0.1642512077294686,1.0,0.5,0.75,0.0,0.0,1.0,0.5,1.0,1.0,1.0,1.0,0.0
343,0.2125603864734299,0.5,0.5,0.75,0.5,1.0,1.0,0.0,1.0,1.0,1.0,0.5,1.0
344,0.14492753623188404,0.5,1.0,0.25,0.0,1.0,0.0,0.5,1.0,1.0,1.0,0.0,0.0
345,0.17391304347826086,0.5,1.0,0.25,0.0,1.0,0.0,0.5,1.0,1.0,1.0,0.0,0.0
346,0.024154589371980673,0.5,1.0,0.5,0.5,0.0,0.0,0.5,0.0,0.0,1.0,0.5,0.0
347,0.028985507246376774,0.5,1.0,0.5,0.5,0.0,0.0,0.5,0.0,0.0,1.0,0.5,0.0
348,0.009661835748792258,0.5,1.0,0.5,0.5,0.0,0.0,0.5,0.0,0.0,1.0,0.5,0.0
349,0.13043478260869562,1.0,0.0,0.25,1.0,0.0,1.0,0.5,0.0,1.0,0.0,0.0,1.0
350,0.1159420289855072,1.0,0.0,0.25,1.0,0.0,1.0,0.5,0.0,1.0,0.0,0.0,1.0
351,0.1497584541062802,0.5,0.5,1.0,0.0,1.0,0.0,0.0,1.0,1.0,0.0,1.0,0.0
352,0.1497584541062802,0.0,0.5,0.5,0.0,1.0,1.0,1.0,1.0,0.0,1.0,1.0,0.0
353,0.12077294685990336,0.0,0.5,0.5,0.0,1.0,1.0,1.0,1.0,0.0,1.0,1.0,0.0
354,0.14492753623188404,1.0,0.0,0.25,1.0,0.0,1.0,1.0,0.0,1.0,0.0,0.5,1.0
355,0.09178743961352653,1.0,0.0,0.25,1.0,0.0,1.0,1.0,0.0,1.0,0.0,0.5,1.0
356,0.2028985507246377,1.0,0.0,0.25,1.0,0.0,1.0,1.0,0.0,1.0,0.0,0.5,1.0
357,0.08212560386473428,1.0,0.0,0.25,1.0,0.0,1.0,1.0,0.0,1.0,0.0,0.5,1.0
358,0.12560386473429952,0.5,0.5,0.0,0.5,1.0,1.0,1.0,0.0,1.0,1.0,0.0,0.0
359,0.06280193236714976,1.0,1.0,0.5,0.0,0.0,0.0,1.0,1.0,1.0,1.0,1.0,0.0
360,0.1690821256038647,0.5,0.5,0.0,1.0,0.0,1.0,1.0,0.0,0.0,1.0,0.0,1.0
361,0.1159420289855072,0.5,0.5,0.0,1.0,0.0,1.0,1.0,0.0,0.0,1.0,0.0,1.0
362,0.10628019323671495,0.5,0.5,0.0,1.0,0.0,1.0,1.0,0.0,0.0,1.0,0.0,1.0
363,0.1642512077294686,1.0,0.5,0.75,0.5,0.0,1.0,0.0,1.0,1.0,1.0,0.5,1.0
364,0.14492753623188404,1.0,0.5,0.75,0.5,0.0,1.0,0.0,1.0,1.0,1.0,0.5,1.0
365,0.19323671497584538,0.5,0.5,0.75,0.5,1.0,1.0,0.5,1.0,1.0,1.0,1.0,1.0
366,0.25120772946859904,0.5,0.0,0.5,0.5,1.0,1.0,1.0,1.0,1.0,0.0,1.0,1.0
367,0.13043478260869562,0.0,0.5,0.0,0.0,1.0,0.0,1.0,1.0,0.0,0.0,0.0,0.0
368,0.08212560386473428,0.5,0.5,1.0,0.5,0.0,0.0,0.0,0.0,0.0,0.0,1.0,0.0
369,0.08212560386473428,0.5,0.5,0.25,1.0,0.0,0.0,1.0,0.0,0.0,0.0,0.5,1.0
370,0.028985507246376774,0.0,0.5,0.25,0.5,1.0,0.0,0.5,0.0,0.0,0.0,0.0,0.0
371,0.10144927536231885,0.5,1.0,0.5,1.0,0.0,0.0,0.0,0.0,0.0,1.0,0.0,1.0
372,0.18840579710144928,0.5,1.0,0.5,1.0,0.0,0.0,0.0,0.0,0.0,1.0,0.0,1.0
373,0.1159420289855072,0.5,1.0,0.5,1.0,0.0,0.0,0.0,0.0,0.0,1.0,0.0,1.0
374,0.2125603864734299,1.0,0.5,0.5,0.5,0.0,1.0,0.0,1.0,1.0,1.0,0.0,1.0
375,0.21739130434782605,1.0,0.5,0.5,0.5,0.0,1.0,0.0,1.0,1.0,1.0,0.0,1.0
376,0.17874396135265697,1.0,0.5,0.5,0.5,0.0,1.0,0.0,1.0,1.0,1.0,0.0,1.0
377,0.23671497584541057,1.0,0.5,0.5,0.5,0.0,1.0,0.0,1.0,1.0,1.0,0.0,1.0
378,0.1690821256038647,0.0,0.5,0.75,1.0,1.0,1.0,0.5,0.0,0.0,1.0,1.0,1.0
379,0.048309178743961345,0.0,0.5,0.75,1.0,1.0,1.0,0.5,0.0,0.0,1.0,1.0,1.0
380,0.1545893719806763,0.5,0.0,0.5,0.0,0.0,1.0,1.0,1.0,0.0,0.0,1.0,0.0
381,0.1642512077294686,0.5,0.0,0.5,0.0,0.0,1.0,1.0,1.0,0.0,0.0,1.0,0.0
382,0.10628019323671495,0.5,0.0,0.5,0.0,0.0,1.0,1.0,1.0,0.0,0.0,1.0,0.0
383,0.06763285024154586,1.0,1.0,0.0,0.5,0.0,0.0,1.0,0.0,1.0,1.0,0.0,0.0
384,0.048309178743961345,1.0,1.0,0.0,0.5,0.0,0.0,1.0,0.0,1.0,1.0,0.0,0.0
385,0.10144927536231885,1.0,1.0,0.0,0.5,0.0,0.0,1.0,0.0,1.0,1.0,0.0,0.0
386,0.024154589371980673,1.0,1.0,0.0,0.5,0.0,0.0,1.0,0.0,1.0,1.0,0.0,0.0
387,0.14009661835748793,0.0,0.0,1.0,1.0,1.0,1.0,0.0,0.0,0.0,0.0,1.0,1.0
388,0.17874396135265697,0.0,0.0,1.0,1.0,1.0,1.0,0.0,0.0,0.0,0.0,1.0,1.0
389,0.12560386473429952,0.5,0.5,0.25,0.0,0.0,0.0,1.0,1.0,0.0,0.0,0.5,0.0
390,0.14009661835748793,1.0,1.0,0.5,1.0,0.0,0.0,0.5,0.0,1.0,1.0,0.5,1.0
391,0.06280193236714976,0.5,0.5,1.0,0.5,0.0,1.0,0.0,0.0,0.0,1.0,1.0,0.0
392,0.04347826086956519,0.5,0.5,1.0,0.5,0.0,1.0,0.0,0.0,0.0,1.0,1.0,0.0
393,0.08212560386473428,0.0,0.5,0.5,0.0,1.0,0.0,0.0,1.0,0.0,0.0,0.0,0.0
394,0.14492753623188404,0.0,0.5,0.5,0.0,1.0,0.0,0.0,1.0,0.0,0.0,0.0,0.0
395,0.12077294685990336,0.0,0.5,0.5,0.0,1.0,0.0,0.0,1.0,0.0,0.0,0.0,0.0
396,0.09178743961352653,0.5,0.5,1.0,0.0,0.0,0.0,0.0,1.0,0.0,0.0,1.0,0.0
397,0.13043478260869562,0.5,0.5,1.0,0.0,0.0,0.0,0.0,1.0,0.0,0.0,1.0,0.0
398,0.08695652173913043,0.5,0.5,1.0,0.0,0.0,0.0,0.0,1.0,0.0,0.0,1.0,0.0
399,0.04347826086956519,0.5,1.0,0.25,0.5,0.0,0.0,1.0,0.0,0.0,1.0,0.5,0.0
400,0.08695652173913043,1.0,0.5,0.5,0.5,0.0,1.0,0.5,0.0,1.0,1.0,0.5,0.0
401,0.13043478260869562,0.5,1.0,0.0,1.0,1.0,0.0,1.0,0.0,1.0,1.0,0.0,1.0
402,0.2125603864734299,0.5,1.0,0.0,1.0,1.0,0.0,1.0,0.0,1.0,1.0,0.0,1.0
403,0.12560386473429952,0.5,1.0,0.0,1.0,1.0,0.0,1.0,0.0,1.0,1.0,0.0,1.0
404,0.15942028985507245,1.0,1.0,1.0,0.0,0.0,0.0,0.0,1.0,1.0,1.0,1.0,0.0
405,0.08695652173913043,1.0,1.0,1.0,0.0,0.0,0.0,0.0,1.0,1.0,1.0,1.0,0.0
406,0.23188405797101452,1.0,0.5,0.25,0.5,0.0,0.0,1.0,1.0,1.0,0.0,0.5,1.0
407,0.2560386473429952,1.0,0.5,0.25,0.5,0.0,0.0,1.0,1.0,1.0,0.0,0.5,1.0
408,0.2125603864734299,1.0,0.5,0.25,0.5,0.0,0.0,1.0,1.0,1.0,0.0,0.5,1.0
409,0.1642512077294686,0.5,0.5,0.25,0.5,1.0,0.0,0.5,1.0,1.0,0.0,0.0,1.0
410,0.21739130434782605,0.5,0.5,0.25,0.5,1.0,0.0,0.5,1.0,1.0,0.0,0.0,1.0
411,1.0,0.5,0.5,0.25,0.5,1.0,0.0,0.5,1.0,1.0,0.0,0.0,1.0
412,0.10144927536231885,0.0,0.5,0.5,0.0,1.0,1.0,0.5,1.0,0.0,1.0,0.5,0.0
413,0.13526570048309178,0.5,0.5,0.5,1.0,0.0,1.0,0.5,0.0,0.0,1.0,0.5,1.0
414,0.1642512077294686,0.5,0.0,0.75,0.0,0.0,1.0,0.5,1.0,0.0,0.0,1.0,0.0
415,0.12077294685990336,1.0,1.0,0.25,0.5,0.0,0.0,1.0,0.0,1.0,1.0,0.5,0.0
416,0.09178743961352653,1.0,1.0,0.25,0.5,0.0,0.0,1.0,0.0,1.0,1.0,0.5,0.0
417,0.0579710144927536,1.0,1.0,0.25,0.5,0.0,0.0,1.0,0.0,1.0,1.0,0.5,0.0
418,0.09661835748792269,1.0,1.0,0.25,0.5,0.0,0.0,1.0,0.0,1.0,1.0,0.5,0.0
419,0.028985507246376774,1.0,1.0,0.25,0.5,0.0,0.0,1.0,0.0,1.0,1.0,0.5,0.0
420,0.2125603864734299,0.0,1.0,0.5,0.5,1.0,0.0,1.0,1.0,0.0,1.0,1.0,1.0
421,0.1497584541062802,0.0,1.0,0.5,0.5,1.0,0.0,1.0,1.0,0.0,1.0,1.0,1.0
422,0.07729468599033817,0.5,0.0,0.25,0.5,1.0,1.0,0.5,0.0,1.0,0.0,0.0,0.0
423,0.04347826086956519,0.0,0.5,0.75,0.5,1.0,0.0,0.0,0.0,0.0,0.0,0.5,0.0
424,0.014492753623188415,0.0,0.5,0.75,0.5,1.0,0.0,0.0,0.0,0.0,0.0,0.5,0.0
425,0.053140096618357446,0.5,1.0,0.75,0.5,0.0,0.0,0.5,0.0,0.0,1.0,1.0,0.0
426,0.13526570048309178,0.5,0.5,0.5,0.0,0.0,0.0,0.5,1.0,0.0,0.0,0.5,0.0
427,0.12560386473429952,0.5,0.5,0.5,0.0,0.0,0.0,0.5,1.0,0.0,0.0,0.5,0.0
428,0.2222222222222222,0.5,0.5,0.0,0.5,0.0,0.0,1.0,1.0,0.0,0.0,0.0,1.0
429,0.23188405797101452,0.5,0.5,0.0,0.5,0.0,0.0,1.0,1.0,0.0,0.0,0.0,1.0
430,0.1111111111111111,0.5,1.0,0.75,1.0,1.0,0.0,0.5,0.0,1.0,1.0,1.0,1.0
431,0.09661835748792269,0.5,1.0,0.75,1.0,1.0,0.0,0.5,0.0,1.0,1.0,1.0,1.0
432,0.06763285024154586,1.0,0.5,0.5,1.0,0.0,0.0,0.5,0.0,1.0,0.0,0.5,1.0
433,0.1159420289855072,1.0,0.5,0.5,1.0,0.0,0.0,0.5,0.0,1.0,0.0,0.5,1.0
434,0.1690821256038647,0.0,1.0,0.75,0.5,1.0,0.0,0.5,1.0,0.0,1.0,1.0,1.0
435,0.1497584541062802,1.0,0.0,0.5,0.5,0.0,1.0,1.0,1.0,1.0,0.0,1.0,1.0
436,0.2125603864734299,1.0,0.0,0.5,0.5,0.0,1.0,1.0,1.0,1.0,0.0,1.0,1.0
437,0.06280193236714976,0.5,0.5,0.25,0.5,0.0,1.0,1.0,0.0,0.0,1.0,0.5,0.0
438,0.048309178743961345,0.5,0.5,0.25,0.5,0.0,1.0,1.0,0.0,0.0,1.0,0.5,0.0
439,0.08212560386473428,0.5,0.5,0.25,0.5,0.0,1.0,1.0,0.0,0.0,1.0,0.5,0.0
440,0.13043478260869562,0.5,1.0,0.0,1.0,0.0,0.0,1.0,0.0,0.0,1.0,0.0,1.0
441,0.1545893719806763,0.5,1.0,0.0,1.0,0.0,0.0,1.0,0.0,0.0,1.0,0.0,1.0
442,0.1111111111111111,0.5,1.0,0.0,1.0,0.0,0.0,1.0,0.0,0.0,1.0,0.0,1.0
443,0.15942028985507245,0.5,0.0,0.25,0.5,0.0,1.0,0.5,1.0,0.0,0.0,0.0,1.0
444,0.2222222222222222,0.5,0.0,0.25,0.5,0.0,1.0,0.5,1.0,0.0,0.0,0.0,1.0
445,0.1497584541062802,1.0,0.5,0.5,0.0,0.0,0.0,0.0,1.0,1.0,0.0,0.0,0.0
446,0.13526570048309178,1.0,0.5,0.5,0.0,0.0,0.0,0.0,1.0,1.0,0.0,0.0,0.0
447,0.10144927536231885,0.5,0.5,0.75,1.0,1.0,0.0,0.5,0.0,1.0,0.0,1.0,1.0
448,0.0579710144927536,0.5,0.5,0.75,1.0,1.0,0.0,0.5,0.0,1.0,0.0,1.0,1.0
449,0.08695652173913043,0.0,0.5,0.25,0.0,1.0,0.0,1.0,1.0,0.0,0.0,0.5,0.0
450,0.048309178743961345,0.0,0.5,0.25,0.0,1.0,0.0,1.0,1.0,0.0,0.0,0.5,0.0
451,0.09178743961352653,0.0,0.5,0.25,0.0,1.0,0.0,1.0,1.0,0.0,0.0,0.5,0.0
452,0.1497584541062802,1.0,0.5,0.5,1.0,0.0,1.0,1.0,0.0,1.0,1.0,1.0,1.0
453,0.12077294685990336,1.0,0.5,0.5,1.0,0.0,1.0,1.0,0.0,1.0,1.0,1.0,1.0
454,0.18357487922705312,1.0,0.5,0.5,0.0,0.0,1.0,0.5,1.0,1.0,1.0,0.5,0.0
455,0.1642512077294686,1.0,0.5,0.5,0.0,0.0,1.0,0.5,1.0,1.0,1.0,0.5,0.0
456,0.09178743961352653,0.5,0.0,0.5,0.5,1.0,1.0,0.0,0.0,1.0,0.0,0.0,0.0
457,0.048309178743961345,0.5,0.0,0.5,0.5,1.0,1.0,0.0,0.0,1.0,0.0,0.0,0.0
458,0.024154589371980673,1.0,1.0,0.5,0.5,0.0,0.0,1.0,0.0,1.0,1.0,1.0,0.0
459,0.028985507246376774,1.0,1.0,0.5,0.5,0.0,0.0,1.0,0.0,1.0,1.0,1.0,0.0
460,0.053140096618357446,1.0,0.0,0.75,0.5,0.0,1.0,0.0,0.0,1.0,0.0,0.5,0.0
461,0.048309178743961345,1.0,0.0,0.75,0.5,0.0,1.0,0.0,0.0,1.0,0.0,0.5,0.0
462,0.024154589371980673,1.0,0.0,0.75,0.5,0.0,1.0,0.0,0.0,1.0,0.0,0.5,0.0
463,0.13043478260869562,1.0,1.0,0.5,0.0,0.0,0.0,0.0,1.0,1.0,1.0,0.0,0.0
464,0.14492753623188404,1.0,1.0,0.5,0.0,0.0,0.0,0.0,1.0,1.0,1.0,0.0,0.0
465,0.13526570048309178,1.0,1.0,0.5,0.0,0.0,0.0,0.0,1.0,1.0,1.0,0.0,0.0
466,0.14009661835748793,1.0,1.0,0.5,0.0,0.0,0.0,0.0,1.0,1.0,1.0,0.0,0.0
467,0.1159420289855072,1.0,1.0,0.5,0.0,0.0,0.0,0.0,1.0,1.0,1.0,0.0,0.0
468,0.09661835748792269,0.5,0.0,0.25,0.0,1.0,1.0,1.0,1.0,1.0,0.0,0.5,0.0
469,0.1111111111111111,0.5,0.0,0.25,0.0,1.0,1.0,1.0,1.0,1.0,0.0,0.5,0.0
470,0.04347826086956519,0.0,0.5,0.5,0.5,1.0,0.0,0.0,0.0,0.0,0.0,0.0,0.0
471,0.024154589371980673,0.0,0.5,0.5,0.5,1.0,0.0,0.0,0.0,0.0,0.0,0.0,0.0
472,0.028985507246376774,0.5,0.0,0.5,0.5,1.0,1.0,0.5,0.0,1.0,0.0,0.5,0.0
473,0.04347826086956519,0.5,0.0,0.5,0.5,1.0,1.0,0.5,0.0,1.0,0.0,0.5,0.0
474,0.0579710144927536,0.5,0.0,0.5,0.5,1.0,1.0,0.5,0.0,1.0,0.0,0.5,0.0
475,0.23188405797101452,0.5,0.5,1.0,0.5,0.0,0.0,0.0,1.0,0.0,0.0,1.0,1.0
476,0.2222222222222222,0.5,0.5,1.0,0.5,0.0,0.0,0.0,1.0,0.0,0.0,1.0,1.0
477,0.028985507246376774,0.5,0.0,0.75,0.5,1.0,1.0,0.5,0.0,1.0,0.0,1.0,0.0
478,0.03381642512077293,0.5,0.0,0.75,0.5,1.0,1.0,0.5,0.0,1.0,0.0,1.0,0.0
479,0.10628019323671495,0.5,0.5,1.0,0.0,0.0,1.0,0.0,1.0,0.0,1.0,1.0,0.0
480,0.1159420289855072,0.5,0.5,1.0,0.0,0.0,1.0,0.0,1.0,0.0,1.0,1.0,0.0
481,0.1690821256038647,0.5,0.5,1.0,0.0,0.0,1.0,0.0,1.0,0.0,1.0,1.0,0.0
482,0.12560386473429952,1.0,0.5,0.0,1.0,0.0,1.0,1.0,0.0,1.0,1.0,0.0,1.0
483,0.18357487922705312,1.0,0.5,0.0,1.0,0.0,1.0,1.0,0.0,1.0,1.0,0.0,1.0
484,0.12077294685990336,1.0,0.5,0.0,1.0,0.0,1.0,1.0,0.0,1.0,1.0,0.0,1.0
485,0.23671497584541057,1.0,0.5,0.0,1.0,0.0,1.0,1.0,0.0,1.0,1.0,0.0,1.0
486,0.1690821256038647,0.5,1.0,1.0,0.5,1.0,0.0,0.0,1.0,1.0,1.0,1.0,1.0
487,0.2125603864734299,0.5,1.0,1.0,0.5,1.0,0.0,0.0,1.0,1.0,1.0,1.0,1.0
488,0.19806763285024154,0.5,1.0,1.0,0.5,1.0,0.0,0.0,1.0,1.0,1.0,1.0,1.0
489,0.27053140096618356,0.5,1.0,1.0,0.5,1.0,0.0,0.0,1.0,1.0,1.0,1.0,1.0
490,0.06763285024154586,0.0,0.0,0.0,0.0,1.0,1.0,1.0,1.0,0.0,0.0,0.0,0.0
491,0.13043478260869562,0.0,0.0,0.0,0.0,1.0,1.0,1.0,1.0,0.0,0.0,0.0,0.0
492,0.14009661835748793,0.0,0.0,0.0,0.0,1.0,1.0,1.0,1.0,0.0,0.0,0.0,0.0
493,0.13043478260869562,1.0,0.5,1.0,1.0,0.0,0.0,0.0,0.0,1.0,0.0,1.0,1.0
494,0.1497584541062802,0.0,0.0,0.25,1.0,1.0,1.0,0.5,0.0,0.0,0.0,0.0,1.0
495,0.14009661835748793,0.0,0.0,0.25,1.0,1.0,1.0,0.5,0.0,0.0,0.0,0.0,1.0
496,0.1111111111111111,0.0,0.0,0.25,1.0,1.0,1.0,0.5,0.0,0.0,0.0,0.0,1.0
497,0.15942028985507245,1.0,0.0,1.0,1.0,0.0,1.0,0.0,0.0,1.0,0.0,1.0,1.0
498,0.1111111111111111,1.0,0.0,1.0,1.0,0.0,1.0,0.0,0.0,1.0,0.0,1.0,1.0
499,0.10144927536231885,1.0,0.0,1.0,1.0,0.0,1.0,0.0,0.0,1.0,0.0,1.0,1.0
500,0.12077294685990336,0.5,0.0,0.75,0.5,1.0,1.0,0.0,1.0,1.0,0.0,0.5,1.0
501,0.2125603864734299,0.5,0.0,0.75,0.5,1.0,1.0,0.0,1.0,1.0,0.0,0.5,1.0
502,0.3526570048309179,0.5,0.0,0.75,0.5,1.0,1.0,0.0,1.0,1.0,0.0,0.5,1.0
503,0.1642512077294686,0.5,0.0,0.75,0.5,1.0,1.0,0.0,1.0,1.0,0.0,0.5,1.0
504,0.2995169082125604,0.5,0.0,0.75,0.5,1.0,1.0,0.0,1.0,1.0,0.0,0.5,1.0
505,0.09661835748792269,1.0,0.5,0.25,0.0,0.0,1.0,0.5,1.0,1.0,1.0,0.0,0.0
506,0.1545893719806763,1.0,0.5,0.25,0.0,0.0,1.0,0.5,1.0,1.0,1.0,0.0,0.0
507,0.14009661835748793,0.5,1.0,0.75,1.0,0.0,0.0,0.5,0.0,0.0,1.0,1.0,1.0
508,0.10628019323671495,0.5,1.0,0.75,1.0,0.0,0.0,0.5,0.0,0.0,1.0,1.0,1.0
509,0.19806763285024154,0.5,0.0,1.0,0.5,0.0,1.0,0.0,1.0,0.0,0.0,1.0,1.0
510,0.17874396135265697,0.0,0.0,1.0,0.0,1.0,1.0,0.0,1.0,0.0,0.0,1.0,0.0
511,0.13043478260869562,0.0,0.0,1.0,0.0,1.0,1.0,0.0,1.0,0.0,0.0,1.0,0.0
512,0.10628019323671495,0.5,0.5,1.0,1.0,1.0,0.0,0.0,0.0,1.0,0.0,1.0,1.0
513,0.1642512077294686,0.5,1.0,0.25,1.0,0.0,0.0,1.0,0.0,0.0,1.0,0.5,1.0
514,0.2125603864734299,1.0,0.0,0.25,0.5,0.0,1.0,0.5,1.0,1.0,0.0,0.0,1.0
515,0.21739130434782605,0.0,0.0,0.5,0.5,1.0,1.0,0.5,1.0,0.0,0.0,0.5,1.0
516,0.1545893719806763,0.0,0.0,0.5,0.5,1.0,1.0,0.5,1.0,0.0,0.0,0.5,1.0
517,0.03864734299516909,0.0,0.0,0.5,0.5,1.0,1.0,0.0,0.0,0.0,0.0,0.0,0.0
518,0.1111111111111111,1.0,1.0,0.5,1.0,0.0,0.0,0.0,0.0,1.0,1.0,0.0,1.0
519,0.0579710144927536,0.5,1.0,0.5,1.0,1.0,0.0,0.0,0.0,1.0,1.0,0.0,1.0
520,0.2028985507246377,0.5,1.0,0.5,1.0,1.0,0.0,0.0,0.0,1.0,1.0,0.0,1.0
521,0.028985507246376774,0.5,1.0,0.5,0.5,1.0,0.0,0.5,0.0,1.0,1.0,0.5,0.0
522,0.04347826086956519,0.5,1.0,0.5,0.5,1.0,0.0,0.5,0.0,1.0,1.0,0.5,0.0
523,0.0579710144927536,0.5,1.0,0.5,0.5,1.0,0.0,0.5,0.0,1.0,1.0,0.5,0.0
524,0.1545893719806763,0.0,0.0,0.75,1.0,1.0,1.0,0.0,0.0,0.0,0.0,0.5,1.0
525,0.1690821256038647,0.0,0.0,0.75,1.0,1.0,1.0,0.0,0.0,0.0,0.0,0.5,1.0
526,0.1545893719806763,1.0,1.0,0.75,0.0,0.0,0.0,0.5,1.0,1.0,1.0,1.0,0.0
527,0.1111111111111111,0.0,0.0,0.25,0.5,1.0,1.0,1.0,0.0,0.0,0.0,0.5,0.0
528,0.09178743961352653,0.0,0.0,0.25,0.5,1.0,1.0,1.0,0.0,0.0,0.0,0.5,0.0
529,0.24637681159420288,0.5,0.5,1.0,0.5,0.0,1.0,0.0,1.0,0.0,1.0,1.0,1.0
530,0.1111111111111111,0.5,0.5,0.75,0.5,1.0,0.0,0.0,0.0,1.0,0.0,0.5,0.0
531,0.053140096618357446,0.5,0.5,0.75,0.5,1.0,0.0,0.0,0.0,1.0,0.0,0.5,0.0
532,0.10144927536231885,0.5,0.5,0.5,1.0,1.0,0.0,1.0,0.0,1.0,0.0,1.0,1.0
533,0.1111111111111111,0.5,1.0,0.25,0.0,0.0,0.0,0.5,1.0,0.0,1.0,0.0,0.0
534,0.0579710144927536,0.5,1.0,0.25,0.0,0.0,0.0,0.5,1.0,0.0,1.0,0.0,0.0
535,0.1545893719806763,1.0,0.5,0.5,1.0,0.0,1.0,0.0,0.0,1.0,1.0,0.0,1.0
536,0.14492753623188404,1.0,0.5,0.5,1.0,0.0,1.0,0.0,0.0,1.0,1.0,0.0,1.0
537,0.12077294685990336,1.0,0.5,0.5,1.0,0.0,1.0,0.0,0.0,1.0,1.0,0.0,1.0
538,0.1642512077294686,1.0,0.5,0.5,1.0,0.0,1.0,0.0,0.0,1.0,1.0,0.0,1.0
539,0.23671497584541057,0.0,0.5,0.75,0.5,1.0,1.0,0.5,1.0,0.0,1.0,1.0,1.0
540,0.2222222222222222,0.0,0.5,0.75,0.5,1.0,1.0,0.5,1.0,0.0,1.0,1.0,1.0
541,0.19323671497584538,0.5,0.0,0.0,0.0,1.0,1.0,1.0,1.0,1.0,0.0,0.0,0.0
542,0.10144927536231885,0.5,0.0,0.0,0.0,1.0,1.0,1.0,1.0,1.0,0.0,0.0,0.0
543,0.04347826086956519,0.5,1.0,0.5,0.5,1.0,0.0,1.0,0.0,1.0,1.0,1.0,0.0
544,0.09661835748792269,0.5,0.0,0.0,1.0,1.0,1.0,1.0,0.0,1.0,0.0,0.0,1.0
545,0.18840579710144928,0.5,0.0,0.0,1.0,1.0,1.0,1.0,0.0,1.0,0.0,0.0,1.0
546,0.15942028985507245,0.5,0.0,0.0,1.0,1.0,1.0,1.0,0.0,1.0,0.0,0.0,1.0
547,0.1111111111111111,0.5,0.0,0.0,1.0,1.0,1.0,1.0,0.0,1.0,0.0,0.0,1.0
548,0.08212560386473428,0.0,1.0,1.0,0.0,1.0,0.0,0.0,1.0,0.0,1.0,1.0,0.0
549,0.1111111111111111,0.0,1.0,1.0,0.0,1.0,0.0,0.0,1.0,0.0,1.0,1.0,0.0
550,0.10144927536231885,0.0,1.0,1.0,0.0,1.0,0.0,0.0,1.0,0.0,1.0,1.0,0.0
551,0.10144927536231885,0.0,0.5,0.25,0.0,1.0,1.0,1.0,1.0,0.0,1.0,0.5,0.0
552,0.09661835748792269,0.0,0.5,0.25,0.0,1.0,1.0,1.0,1.0,0.0,1.0,0.5,0.0
553,0.08695652173913043,0.0,0.5,0.25,0.0,1.0,1.0,1.0,1.0,0.0,1.0,0.5,0.0
554,0.10628019323671495,0.5,0.0,0.25,0.0,0.0,1.0,1.0,1.0,0.0,0.0,0.5,0.0
555,0.14009661835748793,0.5,0.0,0.25,0.0,0.0,1.0,1.0,1.0,0.0,0.0,0.5,0.0
556,0.13526570048309178,0.5,0.5,0.5,1.0,0.0,0.0,0.5,0.0,0.0,0.0,0.5,1.0
557,0.12560386473429952,0.5,0.5,0.5,1.0,0.0,0.0,0.5,0.0,0.0,0.0,0.5,1.0
558,0.1545893719806763,1.0,1.0,0.25,0.5,0.0,0.0,0.5,1.0,1.0,1.0,0.0,1.0
559,0.3285024154589372,1.0,1.0,0.25,0.5,0.0,0.0,0.5,1.0,1.0,1.0,0.0,1.0
560,0.21739130434782605,1.0,1.0,0.25,0.5,0.0,0.0,0.5,1.0,1.0,1.0,0.0,1.0
561,0.18840579710144928,0.0,0.5,0.0,0.5,1.0,1.0,1.0,1.0,0.0,1.0,0.0,1.0
562,0.24154589371980673,0.0,0.5,0.0,0.5,1.0,1.0,1.0,1.0,0.0,1.0,0.0,1.0
563,0.26086956521739124,0.0,0.5,0.0,0.5,1.0,1.0,1.0,1.0,0.0,1.0,0.0,1.0
564,0.03381642512077293,0.5,0.0,0.5,0.5,0.0,1.0,0.0,0.0,0.0,0.0,0.0,0.0
565,0.014492753623188415,0.5,0.0,0.5,0.5,0.0,1.0,0.0,0.0,0.0,0.0,0.0,0.0
566,0.0579710144927536,0.0,1.0,0.0,0.5,1.0,0.0,1.0,0.0,0.0,1.0,0.0,0.0
567,0.10144927536231885,0.0,1.0,0.0,0.5,1.0,0.0,1.0,0.0,0.0,1.0,0.0,0.0
568,0.04347826086956519,0.0,1.0,0.0,0.5,1.0,0.0,1.0,0.0,0.0,1.0,0.0,0.0
569,0.09178743961352653,0.0,0.5,0.25,0.5,1.0,1.0,1.0,0.0,0.0,1.0,0.5,0.0
570,0.0579710144927536,0.0,0.5,0.25,0.5,1.0,1.0,1.0,0.0,0.0,1.0,0.5,0.0
571,0.19323671497584538,0.5,0.5,0.25,0.0,1.0,1.0,1.0,1.0,1.0,1.0,0.5,0.0
572,0.04347826086956519,0.5,0.5,0.0,0.5,0.0,1.0,1.0,0.0,0.0,1.0,0.0,0.0
573,0.06280193236714976,0.5,0.5,0.0,0.5,0.0,1.0,1.0,0.0,0.0,1.0,0.0,0.0
574,0.12560386473429952,0.0,0.5,0.75,1.0,1.0,0.0,0.5,0.0,0.0,0.0,1.0,1.0
575,0.23671497584541057,1.0,1.0,0.25,0.5,0.0,0.0,1.0,1.0,1.0,1.0,0.5,1.0
576,0.1497584541062802,1.0,1.0,0.25,0.5,0.0,0.0,1.0,1.0,1.0,1.0,0.5,1.0
577,0.2125603864734299,0.5,0.5,0.25,0.5,1.0,1.0,0.5,1.0,1.0,1.0,0.0,1.0
578,0.1642512077294686,0.0,0.5,0.5,0.0,1.0,1.0,0.0,1.0,0.0,1.0,0.0,0.0
579,0.1545893719806763,0.0,0.5,0.5,0.0,1.0,1.0,0.0,1.0,0.0,1.0,0.0,0.0
580,0.14492753623188404,0.0,0.5,0.5,0.0,1.0,1.0,0.0,1.0,0.0,1.0,0.0,0.0
581,0.12077294685990336,0.0,0.5,0.5,0.0,1.0,1.0,0.0,1.0,0.0,1.0,0.0,0.0
582,0.1111111111111111,1.0,0.5,0.5,0.5,0.0,1.0,0.0,0.0,1.0,1.0,0.0,0.0
583,0.03381642512077293,1.0,0.5,0.5,0.5,0.0,1.0,0.0,0.0,1.0,1.0,0.0,0.0
584,0.2222222222222222,0.5,1.0,0.75,0.5,0.0,0.0,0.0,1.0,0.0,1.0,0.5,1.0
585,0.15942028985507245,0.5,1.0,0.75,0.5,0.0,0.0,0.0,1.0,0.0,1.0,0.5,1.0
586,0.14009661835748793,0.5,0.5,0.75,0.0,0.0,1.0,0.5,1.0,0.0,1.0,1.0,0.0
587,0.004830917874396101,0.5,0.0,0.0,0.5,0.0,1.0,1.0,0.0,0.0,0.0,0.0,0.0
588,0.07729468599033817,0.5,0.0,0.0,0.5,0.0,1.0,1.0,0.0,0.0,0.0,0.0,0.0
589,0.07246376811594202,0.5,0.0,0.0,0.5,0.0,1.0,1.0,0.0,0.0,0.0,0.0,0.0
590,0.19323671497584538,0.5,0.5,0.75,0.0,1.0,1.0,0.0,1.0,1.0,1.0,0.5,0.0
591,0.2125603864734299,0.5,0.5,0.75,0.0,1.0,1.0,0.0,1.0,1.0,1.0,0.5,0.0
592,0.14009661835748793,0.5,0.5,0.75,0.0,1.0,1.0,0.0,1.0,1.0,1.0,0.5,0.0
593,0.1545893719806763,0.5,0.5,0.75,0.0,1.0,1.0,0.0,1.0,1.0,1.0,0.5,0.0
594,0.13043478260869562,0.0,0.5,0.75,0.0,1.0,1.0,0.5,1.0,0.0,1.0,1.0,0.0
595,0.1111111111111111,0.0,0.5,0.75,0.0,1.0,1.0,0.5,1.0,0.0,1.0,1.0,0.0
596,0.048309178743961345,1.0,0.5,0.25,0.0,0.0,1.0,1.0,1.0,1.0,1.0,0.5,0.0
597,0.1690821256038647,1.0,0.5,0.25,0.0,0.0,1.0,1.0,1.0,1.0,1.0,0.5,0.0
598,0.1545893719806763,0.5,0.5,0.25,1.0,1.0,1.0,0.5,0.0,1.0,1.0,0.0,1.0
599,0.2125603864734299,0.5,0.5,0.25,1.0,1.0,1.0,0.5,0.0,1.0,1.0,0.0,1.0
600,0.14009661835748793,0.5,0.5,0.25,1.0,1.0,1.0,0.5,0.0,1.0,1.0,0.0,1.0
601,0.19323671497584538,0.5,0.5,0.25,1.0,1.0,1.0,0.5,0.0,1.0,1.0,0.0,1.0
602,0.09178743961352653,0.5,0.5,0.75,1.0,0.0,0.0,0.0,0.0,0.0,0.0,0.5,1.0
603,0.10144927536231885,0.5,0.5,0.75,1.0,0.0,0.0,0.0,0.0,0.0,0.0,0.5,1.0
604,0.08212560386473428,0.5,0.5,0.75,0.0,0.0,0.0,0.5,1.0,0.0,0.0,1.0,0.0
605,0.1111111111111111,1.0,0.5,0.25,1.0,0.0,1.0,1.0,0.0,1.0,1.0,0.5,1.0
606,0.13043478260869562,1.0,0.5,0.25,1.0,0.0,1.0,1.0,0.0,1.0,1.0,0.5,1.0
607,0.1159420289855072,0.5,0.0,0.75,0.0,1.0,1.0,0.5,1.0,1.0,0.0,1.0,0.0
608,0.07729468599033817,0.5,0.0,0.75,1.0,0.0,1.0,0.5,0.0,0.0,0.0,1.0,1.0
609,0.08695652173913043,1.0,0.5,0.75,1.0,0.0,1.0,0.5,0.0,1.0,1.0,1.0,1.0
610,0.09661835748792269,1.0,0.5,0.75,1.0,0.0,1.0,0.5,0.0,1.0,1.0,1.0,1.0
611,0.10144927536231885,1.0,0.5,0.75,1.0,0.0,1.0,0.5,0.0,1.0,1.0,1.0,1.0
612,0.19323671497584538,0.5,0.5,0.25,0.5,1.0,1.0,1.0,1.0,1.0,1.0,0.5,1.0
613,0.14492753623188404,0.5,0.5,0.25,0.0,1.0,0.0,0.5,1.0,1.0,0.0,0.0,0.0
614,0.21739130434782605,0.5,0.5,0.25,0.0,1.0,0.0,0.5,1.0,1.0,0.0,0.0,0.0
615,0.2946859903381642,0.0,0.5,1.0,0.5,1.0,0.0,0.0,1.0,0.0,0.0,1.0,1.0
616,0.41062801932367143,1.0,1.0,0.0,0.5,0.0,0.0,1.0,1.0,1.0,1.0,0.0,1.0
617,0.26086956521739124,1.0,1.0,0.0,0.5,0.0,0.0,1.0,1.0,1.0,1.0,0.0,1.0
618,0.23188405797101452,1.0,1.0,0.0,0.5,0.0,0.0,1.0,1.0,1.0,1.0,0.0,1.0
619,0.1642512077294686,1.0,1.0,0.0,0.5,0.0,0.0,1.0,1.0,1.0,1.0,0.0,1.0
620,0.2995169082125604,0.0,0.5,1.0,0.5,1.0,1.0,0.0,1.0,0.0,1.0,1.0,1.0
621,0.25120772946859904,0.0,0.5,1.0,0.5,1.0,1.0,0.0,1.0,0.0,1.0,1.0,1.0
622,0.26086956521739124,0.0,0.5,1.0,0.5,1.0,1.0,0.0,1.0,0.0,1.0,1.0,1.0
623,0.2560386473429952,0.0,0.5,1.0,0.5,1.0,1.0,0.0,1.0,0.0,1.0,1.0,1.0
624,0.1159420289855072,0.0,0.5,1.0,0.5,1.0,1.0,0.0,1.0,0.0,1.0,1.0,1.0
625,0.07729468599033817,0.5,1.0,0.5,0.0,0.0,0.0,1.0,1.0,0.0,1.0,1.0,0.0
626,0.07729468599033817,1.0,0.0,0.25,0.5,0.0,1.0,1.0,0.0,1.0,0.0,0.5,0.0
627,0.014492753623188415,1.0,0.0,0.25,0.5,0.0,1.0,1.0,0.0,1.0,0.0,0.5,0.0
628,0.053140096618357446,0.5,0.5,0.25,0.5,1.0,0.0,0.5,0.0,1.0,0.0,0.0,0.0
629,0.1111111111111111,0.5,0.5,0.25,0.5,1.0,0.0,0.5,0.0,1.0,0.0,0.0,0.0
630,0.014492753623188415,0.5,0.5,1.0,0.5,1.0,0.0,0.0,0.0,1.0,0.0,1.0,0.0
631,0.18357487922705312,0.0,1.0,0.25,0.5,1.0,0.0,0.5,1.0,0.0,1.0,0.0,1.0
632,0.22705314009661837,1.0,0.0,0.5,0.5,0.0,1.0,0.0,1.0,1.0,0.0,0.0,1.0
633,0.26086956521739124,1.0,0.0,0.5,0.5,0.0,1.0,0.0,1.0,1.0,0.0,0.0,1.0
634,0.09178743961352653,1.0,0.5,0.75,1.0,0.0,0.0,0.5,0.0,1.0,0.0,1.0,1.0
635,0.048309178743961345,1.0,0.5,0.75,1.0,0.0,0.0,0.5,0.0,1.0,0.0,1.0,1.0
636,0.08695652173913043,1.0,0.5,0.75,1.0,0.0,0.0,0.5,0.0,1.0,0.0,1.0,1.0
637,0.22705314009661837,0.0,1.0,0.0,0.5,1.0,0.0,1.0,1.0,0.0,1.0,0.0,1.0
638,0.17391304347826086,0.0,1.0,0.0,0.5,1.0,0.0,1.0,1.0,0.0,1.0,0.0,1.0
639,0.2850241545893719,0.0,1.0,0.0,0.5,1.0,0.0,1.0,1.0,0.0,1.0,0.0,1.0
640,0.19323671497584538,0.0,1.0,0.0,0.5,1.0,0.0,1.0,1.0,0.0,1.0,0.0,1.0
641,0.26086956521739124,1.0,0.5,1.0,0.5,0.0,1.0,0.0,1.0,1.0,1.0,1.0,1.0
642,0.24154589371980673,1.0,0.5,1.0,0.5,0.0,1.0,0.0,1.0,1.0,1.0,1.0,1.0
643,0.18840579710144928,1.0,0.5,1.0,0.5,0.0,1.0,0.0,1.0,1.0,1.0,1.0,1.0
644,0.27053140096618356,0.5,0.0,0.0,0.5,1.0,1.0,1.0,1.0,1.0,0.0,0.0,1.0
645,0.2125603864734299,0.5,0.0,0.0,0.5,1.0,1.0,1.0,1.0,1.0,0.0,0.0,1.0
646,0.1690821256038647,0.5,0.0,0.0,0.5,1.0,1.0,1.0,1.0,1.0,0.0,0.0,1.0
647,0.19806763285024154,0.5,0.0,0.0,0.5,1.0,1.0,1.0,1.0,1.0,0.0,0.0,1.0
648,0.15942028985507245,0.0,0.5,0.5,0.5,1.0,0.0,0.0,1.0,0.0,0.0,0.0,1.0
649,0.2125603864734299,0.0,0.5,0.5,0.5,1.0,0.0,0.0,1.0,0.0,0.0,0.0,1.0
650,0.08212560386473428,1.0,0.5,0.5,0.0,0.0,0.0,0.5,1.0,1.0,0.0,0.5,0.0
651,0.1497584541062802,1.0,0.5,0.5,0.0,0.0,0.0,0.5,1.0,1.0,0.0,0.5,0.0
652,0.06763285024154586,1.0,0.5,0.5,0.0,0.0,0.0,0.5,1.0,1.0,0.0,0.5,0.0
653,0.12077294685990336,0.5,0.5,0.5,0.0,1.0,0.0,0.5,1.0,1.0,0.0,0.5,0.0
654,0.07729468599033817,0.5,0.5,0.5,0.0,1.0,0.0,0.5,1.0,1.0,0.0,0.5,0.0
655,0.1159420289855072,0.5,0.5,0.5,0.0,1.0,0.0,0.5,1.0,1.0,0.0,0.5,0.0
656,0.07246376811594202,0.5,0.5,0.5,0.0,1.0,0.0,0.5,1.0,1.0,0.0,0.5,0.0
657,0.1642512077294686,0.0,1.0,0.5,1.0,1.0,0.0,0.5,0.0,0.0,1.0,0.5,1.0
658,0.08212560386473428,0.0,1.0,0.5,1.0,1.0,0.0,0.5,0.0,0.0,1.0,0.5,1.0
659,0.07246376811594202,0.5,1.0,0.75,0.5,0.0,0.0,0.0,0.0,0.0,1.0,0.5,0.0
660,0.028985507246376774,0.5,1.0,0.75,0.5,0.0,0.0,0.0,0.0,0.0,1.0,0.5,0.0
661,0.04347826086956519,0.5,0.0,0.75,0.5,0.0,1.0,0.5,0.0,0.0,0.0,1.0,0.0
662,0.13043478260869562,1.0,1.0,0.0,1.0,0.0,0.0,1.0,0.0,1.0,1.0,0.0,1.0
663,0.17874396135265697,1.0,1.0,0.0,1.0,0.0,0.0,1.0,0.0,1.0,1.0,0.0,1.0
664,0.21739130434782605,0.0,0.0,0.5,0.5,1.0,1.0,0.0,1.0,0.0,0.0,0.0,1.0
665,0.2850241545893719,0.0,0.0,0.5,0.5,1.0,1.0,0.0,1.0,0.0,0.0,0.0,1.0
666,0.22705314009661837,1.0,0.5,0.75,0.0,0.0,0.0,0.0,1.0,1.0,0.0,0.5,0.0
667,0.1690821256038647,1.0,0.5,0.75,0.0,0.0,0.0,0.0,1.0,1.0,0.0,0.5,0.0
668,0.03381642512077293,0.0,0.5,0.5,0.5,1.0,1.0,0.0,0.0,0.0,1.0,0.0,0.0
669,0.1111111111111111,0.0,0.5,0.5,0.5,1.0,1.0,0.0,0.0,0.0,1.0,0.0,0.0
670,0.03864734299516909,0.0,0.0,0.0,0.5,1.0,1.0,1.0,0.0,0.0,0.0,0.0,0.0
671,0.053140096618357446,0.0,0.0,0.0,0.5,1.0,1.0,1.0,0.0,0.0,0.0,0.0,0.0
672,0.1111111111111111,1.0,1.0,0.25,0.0,0.0,0.0,1.0,1.0,1.0,1.0,0.5,0.0
673,0.1159420289855072,1.0,1.0,0.75,1.0,0.0,0.0,0.5,0.0,1.0,1.0,1.0,1.0
674,0.15942028985507245,0.5,0.5,0.5,1.0,0.0,1.0,0.0,0.0,0.0,1.0,0.0,1.0
675,0.13526570048309178,0.5,0.5,0.5,1.0,0.0,1.0,0.0,0.0,0.0,1.0,0.0,1.0
676,0.09178743961352653,0.5,0.5,0.75,1.0,0.0,1.0,0.5,0.0,0.0,1.0,1.0,1.0
677,0.14009661835748793,0.5,0.5,0.75,1.0,0.0,1.0,0.5,0.0,0.0,1.0,1.0,1.0
678,0.13043478260869562,0.5,0.5,0.75,1.0,0.0,1.0,0.5,0.0,0.0,1.0,1.0,1.0
679,0.1111111111111111,1.0,0.0,0.5,1.0,0.0,1.0,0.0,0.0,1.0,0.0,0.0,1.0
680,0.14492753623188404,1.0,0.0,0.5,1.0,0.0,1.0,0.0,0.0,1.0,0.0,0.0,1.0
681,0.08695652173913043,0.5,0.5,0.75,0.0,1.0,0.0,0.0,1.0,1.0,0.0,0.5,0.0
682,0.12077294685990336,0.5,0.5,0.75,0.0,1.0,0.0,0.0,1.0,1.0,0.0,0.5,0.0
683,0.1111111111111111,0.5,0.5,0.75,0.0,1.0,0.0,0.0,1.0,1.0,0.0,0.5,0.0
684,0.09178743961352653,0.5,0.5,0.75,0.0,1.0,0.0,0.0,1.0,1.0,0.0,0.5,0.0
685,0.1111111111111111,1.0,1.0,0.75,0.0,0.0,0.0,0.0,1.0,1.0,1.0,0.5,0.0
686,0.14009661835748793,1.0,1.0,0.75,0.0,0.0,0.0,0.0,1.0,1.0,1.0,0.5,0.0
687,0.1497584541062802,1.0,1.0,0.75,0.0,0.0,0.0,0.0,1.0,1.0,1.0,0.5,0.0
688,0.1111111111111111,0.5,0.5,0.25,1.0,0.0,1.0,0.5,0.0,0.0,1.0,0.0,1.0
689,0.07729468599033817,0.5,0.5,0.25,1.0,0.0,1.0,0.5,0.0,0.0,1.0,0.0,1.0
690,0.1497584541062802,0.5,0.0,0.5,1.0,0.0,1.0,0.0,0.0,0.0,0.0,0.0,1.0
691,0.06763285024154586,1.0,0.0,0.5,0.5,0.0,1.0,0.5,0.0,1.0,0.0,0.5,0.0
692,0.019323671497584516,1.0,0.0,0.5,0.5,0.0,1.0,0.5,0.0,1.0,0.0,0.5,0.0
693,0.2125603864734299,0.0,1.0,0.75,0.5,1.0,0.0,0.0,1.0,0.0,1.0,0.5,1.0
694,0.0579710144927536,0.5,0.5,0.25,0.0,1.0,0.0,1.0,1.0,1.0,0.0,0.5,0.0
695,0.10144927536231885,0.5,0.5,0.25,0.0,1.0,0.0,1.0,1.0,1.0,0.0,0.5,0.0
696,0.014492753623188415,0.0,1.0,0.75,0.5,1.0,0.0,0.5,0.0,0.0,1.0,1.0,0.0
697,0.07729468599033817,0.0,1.0,0.75,0.5,1.0,0.0,0.5,0.0,0.0,1.0,1.0,0.0
698,0.10144927536231885,0.5,1.0,1.0,1.0,1.0,0.0,0.0,0.0,1.0,1.0,1.0,1.0
699,0.19323671497584538,0.5,1.0,1.0,1.0,1.0,0.0,0.0,0.0,1.0,1.0,1.0,1.0
700,0.08695652173913043,0.5,0.5,0.5,0.0,1.0,1.0,1.0,1.0,1.0,1.0,1.0,0.0
701,0.1497584541062802,0.5,0.5,0.5,0.0,1.0,1.0,1.0,1.0,1.0,1.0,1.0,0.0
702,0.028985507246376774,0.0,0.0,0.5,0.5,1.0,1.0,1.0,0.0,0.0,0.0,1.0,0.0
703,0.024154589371980673,0.0,0.0,0.5,0.5,1.0,1.0,1.0,0.0,0.0,0.0,1.0,0.0
704,0.09178743961352653,0.0,0.5,0.75,0.0,1.0,1.0,0.0,1.0,0.0,1.0,0.5,0.0
705,0.1111111111111111,0.0,0.5,0.75,0.0,1.0,1.0,0.0,1.0,0.0,1.0,0.5,0.0
706,0.14009661835748793,0.0,0.0,0.5,0.0,1.0,1.0,0.5,1.0,0.0,0.0,0.5,0.0
707,0.053140096618357446,1.0,0.5,0.25,0.5,0.0,0.0,1.0,0.0,1.0,0.0,0.5,0.0
708,0.07729468599033817,1.0,0.5,0.25,0.5,0.0,0.0,1.0,0.0,1.0,0.0,0.5,0.0
709,0.024154589371980673,0.0,0.0,0.75,0.5,1.0,1.0,0.0,0.0,0.0,0.0,0.5,0.0
710,0.1159420289855072,0.0,0.0,0.75,0.5,1.0,1.0,0.0,0.0,0.0,0.0,0.5,0.0
711,0.10144927536231885,1.0,0.0,0.0,1.0,0.0,1.0,1.0,0.0,1.0,0.0,0.0,1.0
712,0.1111111111111111,1.0,0.0,0.0,1.0,0.0,1.0,1.0,0.0,1.0,0.0,0.0,1.0
713,0.08212560386473428,1.0,0.0,0.0,1.0,0.0,1.0,1.0,0.0,1.0,0.0,0.0,1.0
714,0.21739130434782605,0.5,0.5,0.75,1.0,1.0,0.0,0.0,0.0,1.0,0.0,0.5,1.0
715,0.14492753623188404,0.5,0.5,0.75,1.0,1.0,0.0,0.0,0.0,1.0,0.0,0.5,1.0
716,0.17391304347826086,1.0,0.5,0.75,1.0,0.0,1.0,0.0,0.0,1.0,1.0,0.5,1.0
717,0.10144927536231885,1.0,0.5,0.75,1.0,0.0,1.0,0.0,0.0,1.0,1.0,0.5,1.0
718,0.14009661835748793,1.0,0.5,0.75,1.0,0.0,1.0,0.0,0.0,1.0,1.0,0.5,1.0
719,0.06763285024154586,0.5,0.0,0.25,1.0,1.0,1.0,0.5,0.0,1.0,0.0,0.0,1.0
720,0.18357487922705312,0.5,0.0,0.25,1.0,1.0,1.0,0.5,0.0,1.0,0.0,0.0,1.0
721,0.09661835748792269,0.5,0.0,0.25,1.0,1.0,1.0,0.5,0.0,1.0,0.0,0.0,1.0
722,1.0,0.5,0.5,0.75,0.5,1.0,0.0,0.0,1.0,1.0,0.0,0.5,1.0
723,0.1642512077294686,0.5,0.5,0.75,0.5,1.0,0.0,0.0,1.0,1.0,0.0,0.5,1.0
724,0.21739130434782605,0.5,0.5,0.75,0.5,1.0,0.0,0.0,1.0,1.0,0.0,0.5,1.0
725,0.10144927536231885,0.5,0.0,0.5,1.0,1.0,1.0,0.0,0.0,1.0,0.0,0.0,1.0
726,0.07729468599033817,0.0,1.0,0.25,1.0,1.0,0.0,0.5,0.0,0.0,1.0,0.0,1.0
727,0.1497584541062802,0.0,1.0,0.25,1.0,1.0,0.0,0.5,0.0,0.0,1.0,0.0,1.0
728,0.07729468599033817,0.5,0.5,0.75,0.0,0.0,1.0,0.0,1.0,0.0,1.0,0.5,0.0
729,0.1111111111111111,0.5,0.5,0.75,0.0,0.0,1.0,0.0,1.0,0.0,1.0,0.5,0.0
730,0.15942028985507245,0.0,0.5,0.25,0.5,1.0,1.0,1.0,1.0,0.0,1.0,0.5,1.0
731,0.18840579710144928,0.0,0.5,0.25,0.5,1.0,1.0,1.0,1.0,0.0,1.0,0.5,1.0
732,0.10628019323671495,1.0,0.0,0.75,0.0,0.0,1.0,0.5,1.0,1.0,0.0,1.0,0.0
733,0.14009661835748793,1.0,0.0,0.75,0.0,0.0,1.0,0.5,1.0,1.0,0.0,1.0,0.0
734,0.09178743961352653,1.0,0.0,0.75,0.0,0.0,1.0,0.5,1.0,1.0,0.0,1.0,0.0
735,0.07246376811594202,0.0,0.5,0.0,0.5,1.0,0.0,1.0,0.0,0.0,0.0,0.0,0.0
736,0.019323671497584516,0.0,0.5,0.0,0.5,1.0,0.0,1.0,0.0,0.0,0.0,0.0,0.0
737,0.1497584541062802,0.5,0.5,1.0,1.0,0.0,0.0,0.0,0.0,0.0,0.0,1.0,1.0
738,0.12077294685990336,0.5,0.5,1.0,1.0,0.0,0.0,0.0,0.0,0.0,0.0,1.0,1.0
739,0.09178743961352653,0.5,0.5,1.0,1.0,0.0,0.0,0.0,0.0,0.0,0.0,1.0,1.0
740,0.10144927536231885,0.5,0.5,1.0,1.0,0.0,0.0,0.0,0.0,0.0,0.0,1.0,1.0
741,0.10628019323671495,0.5,1.0,0.5,1.0,0.0,0.0,1.0,0.0,0.0,1.0,1.0,1.0
742,0.1642512077294686,0.5,1.0,0.5,1.0,0.0,0.0,1.0,0.0,0.0,1.0,1.0,1.0
743,0.1545893719806763,0.5,1.0,0.5,1.0,0.0,0.0,1.0,0.0,0.0,1.0,1.0,1.0
744,0.19806763285024154,0.5,1.0,0.0,0.5,0.0,0.0,1.0,1.0,0.0,1.0,0.0,1.0
745,0.1111111111111111,0.5,0.0,0.5,0.5,0.0,1.0,0.0,1.0,0.0,0.0,0.0,1.0
746,0.15942028985507245,0.5,0.0,0.5,0.5,0.0,1.0,0.0,1.0,0.0,0.0,0.0,1.0
747,0.13526570048309178,0.5,0.5,0.75,0.0,0.0,0.0,0.0,1.0,0.0,0.0,0.5,0.0
748,0.1111111111111111,0.5,0.5,0.75,0.0,0.0,0.0,0.0,1.0,0.0,0.0,0.5,0.0
749,0.08212560386473428,0.5,0.5,0.75,0.5,0.0,1.0,0.5,0.0,0.0,1.0,1.0,0.0
750,0.048309178743961345,0.5,0.5,0.75,0.5,0.0,1.0,0.5,0.0,0.0,1.0,1.0,0.0
751,0.06280193236714976,0.5,0.5,0.75,0.5,0.0,1.0,0.5,0.0,0.0,1.0,1.0,0.0
752,0.20772946859903385,0.5,1.0,0.75,0.5,1.0,0.0,0.5,1.0,1.0,1.0,1.0,1.0
753,0.17391304347826086,0.5,1.0,0.75,0.5,1.0,0.0,0.5,1.0,1.0,1.0,1.0,1.0
754,0.21739130434782605,0.5,1.0,0.75,0.5,1.0,0.0,0.5,1.0,1.0,1.0,1.0,1.0
755,0.1159420289855072,0.5,0.0,0.25,1.0,0.0,1.0,0.5,0.0,0.0,0.0,0.0,1.0
756,0.14009661835748793,0.5,0.0,0.25,1.0,0.0,1.0,0.5,0.0,0.0,0.0,0.0,1.0
757,0.1111111111111111,0.5,0.0,0.25,1.0,0.0,1.0,0.5,0.0,0.0,0.0,0.0,1.0
758,0.1159420289855072,0.5,0.5,0.5,0.0,1.0,0.0,0.0,1.0,1.0,0.0,0.0,0.0
759,0.10144927536231885,0.5,0.5,0.5,0.0,1.0,0.0,0.0,1.0,1.0,0.0,0.0,0.0
760,0.14009661835748793,0.5,0.5,0.5,0.0,1.0,0.0,0.0,1.0,1.0,0.0,0.0,0.0
761,0.10144927536231885,0.0,0.5,0.75,1.0,1.0,0.0,0.0,0.0,0.0,0.0,0.5,1.0
762,0.10628019323671495,0.0,0.5,0.75,1.0,1.0,0.0,0.0,0.0,0.0,0.0,0.5,1.0
763,0.1545893719806763,1.0,1.0,0.5,0.5,0.0,0.0,0.5,1.0,1.0,1.0,0.5,1.0
764,0.21739130434782605,1.0,1.0,0.5,0.5,0.0,0.0,0.5,1.0,1.0,1.0,0.5,1.0
765,0.08212560386473428,1.0,0.0,0.5,0.0,0.0,1.0,0.5,1.0,1.0,0.0,0.5,0.0
766,0.1642512077294686,1.0,0.0,0.5,0.0,0.0,1.0,0.5,1.0,1.0,0.0,0.5,0.0
767,0.07246376811594202,0.5,0.5,0.5,1.0,1.0,0.0,0.5,0.0,1.0,0.0,0.5,1.0
768,0.1159420289855072,0.5,0.5,0.5,1.0,1.0,0.0,0.5,0.0,1.0,0.0,0.5,1.0
769,0.07729468599033817,0.5,0.5,0.5,1.0,1.0,0.0,0.5,0.0,1.0,0.0,0.5,1.0
770,0.12077294685990336,0.5,0.5,0.5,1.0,1.0,0.0,0.5,0.0,1.0,0.0,0.5,1.0
771,0.1642512077294686,0.5,1.0,0.25,0.5,1.0,0.0,0.5,1.0,1.0,1.0,0.0,1.0
772,0.3526570048309179,0.5,1.0,0.25,0.5,1.0,0.0,0.5,1.0,1.0,1.0,0.0,1.0
773,0.2995169082125604,0.5,1.0,0.25,0.5,1.0,0.0,0.5,1.0,1.0,1.0,0.0,1.0
774,0.2125603864734299,0.5,1.0,0.25,0.5,1.0,0.0,0.5,1.0,1.0,1.0,0.0,1.0
775,0.12077294685990336,0.5,1.0,0.25,0.5,1.0,0.0,0.5,1.0,1.0,1.0,0.0,1.0
776,0.23671497584541057,0.0,0.5,0.5,0.5,1.0,1.0,0.0,1.0,0.0,1.0,0.0,1.0
777,0.2125603864734299,0.0,0.5,0.5,0.5,1.0,1.0,0.0,1.0,0.0,1.0,0.0,1.0
778,0.21739130434782605,0.0,0.5,0.5,0.5,1.0,1.0,0.0,1.0,0.0,1.0,0.0,1.0
779,0.17874396135265697,0.0,0.5,0.5,0.5,1.0,1.0,0.0,1.0,0.0,1.0,0.0,1.0
780,0.0,0.0,0.5,0.25,0.5,1.0,0.0,1.0,0.0,0.0,0.0,0.5,0.0
781,0.09178743961352653,0.0,0.5,0.25,0.5,1.0,0.0,1.0,0.0,0.0,0.0,0.5,0.0
782,0.0579710144927536,0.0,0.5,0.25,0.5,1.0,0.0,1.0,0.0,0.0,0.0,0.5,0.0
783,0.014492753623188415,0.5,1.0,0.5,0.5,0.0,0.0,0.0,0.0,0.0,1.0,0.0,0.0
784,0.03381642512077293,0.5,1.0,0.5,0.5,0.0,0.0,0.0,0.0,0.0,1.0,0.0,0.0
785,0.10144927536231885,0.5,1.0,0.5,0.0,1.0,0.0,1.0,1.0,1.0,1.0,1.0,0.0
786,0.1545893719806763,0.5,1.0,0.5,0.0,1.0,0.0,1.0,1.0,1.0,1.0,1.0,0.0
787,0.07246376811594202,0.5,0.5,0.5,1.0,0.0,1.0,1.0,0.0,0.0,1.0,1.0,1.0
788,0.1545893719806763,0.5,0.5,0.5,1.0,0.0,1.0,1.0,0.0,0.0,1.0,1.0,1.0
789,0.10628019323671495,0.5,0.5,0.5,1.0,0.0,1.0,1.0,0.0,0.0,1.0,1.0,1.0
790,0.048309178743961345,0.5,0.5,0.5,1.0,0.0,1.0,1.0,0.0,0.0,1.0,1.0,1.0
791,0.1690821256038647,0.5,0.0,0.5,0.5,1.0,1.0,0.0,1.0,1.0,0.0,0.0,1.0
792,0.19806763285024154,0.5,0.0,0.5,0.5,1.0,1.0,0.0,1.0,1.0,0.0,0.0,1.0
793,0.20772946859903385,0.5,0.0,0.5,0.5,1.0,1.0,0.0,1.0,1.0,0.0,0.0,1.0
794,0.3719806763285024,0.5,0.0,0.5,0.5,1.0,1.0,0.0,1.0,1.0,0.0,0.0,1.0
795,0.1159420289855072,1.0,0.5,0.5,1.0,0.0,0.0,1.0,0.0,1.0,0.0,1.0,1.0
796,0.2028985507246377,1.0,0.5,0.5,1.0,0.0,0.0,1.0,0.0,1.0,0.0,1.0,1.0
797,0.24154589371980673,0.5,1.0,1.0,0.5,0.0,0.0,0.0,1.0,0.0,1.0,1.0,1.0
798,0.2560386473429952,0.5,1.0,1.0,0.5,0.0,0.0,0.0,1.0,0.0,1.0,1.0,1.0
799,0.2222222222222222,0.5,1.0,1.0,0.5,0.0,0.0,0.0,1.0,0.0,1.0,1.0,1.0
800,0.19806763285024154,0.5,1.0,1.0,0.5,0.0,0.0,0.0,1.0,0.0,1.0,1.0,1.0
801,0.15942028985507245,0.5,0.0,1.0,0.5,1.0,1.0,0.0,1.0,1.0,0.0,1.0,1.0
802,0.20772946859903385,0.5,0.0,1.0,0.5,1.0,1.0,0.0,1.0,1.0,0.0,1.0,1.0
803,0.2125603864734299,0.5,0.0,1.0,0.5,1.0,1.0,0.0,1.0,1.0,0.0,1.0,1.0
804,0.12560386473429952,0.5,1.0,0.25,0.0,1.0,0.0,1.0,1.0,1.0,1.0,0.5,0.0
805,0.14492753623188404,0.0,0.5,0.25,0.5,1.0,1.0,0.5,1.0,0.0,1.0,0.0,1.0
806,0.1642512077294686,0.0,0.5,0.25,0.5,1.0,1.0,0.5,1.0,0.0,1.0,0.0,1.0
807,0.21739130434782605,0.0,0.0,0.75,0.5,1.0,1.0,0.0,1.0,0.0,0.0,0.5,1.0
808,0.3285024154589372,0.0,0.0,0.75,0.5,1.0,1.0,0.0,1.0,0.0,0.0,0.5,1.0
809,0.1545893719806763,0.0,0.0,0.75,0.5,1.0,1.0,0.0,1.0,0.0,0.0,0.5,1.0
810,0.2850241545893719,0.0,0.5,0.75,0.5,1.0,1.0,0.0,1.0,0.0,1.0,0.5,1.0
811,0.25120772946859904,0.0,0.5,0.75,0.5,1.0,1.0,0.0,1.0,0.0,1.0,0.5,1.0
812,0.12077294685990336,1.0,0.5,0.5,1.0,0.0,0.0,0.0,0.0,1.0,0.0,0.0,1.0
813,0.08212560386473428,1.0,0.5,0.5,1.0,0.0,0.0,0.0,0.0,1.0,0.0,0.0,1.0
814,0.14492753623188404,1.0,0.5,0.5,1.0,0.0,0.0,0.0,0.0,1.0,0.0,0.0,1.0
815,0.2222222222222222,0.5,0.0,0.75,0.5,0.0,1.0,0.5,1.0,0.0,0.0,1.0,1.0
816,0.15942028985507245,0.5,0.0,0.75,0.5,0.0,1.0,0.5,1.0,0.0,0.0,1.0,1.0
817,0.1545893719806763,0.5,1.0,0.75,0.0,1.0,0.0,0.5,1.0,1.0,1.0,1.0,0.0
818,0.1497584541062802,0.5,1.0,0.75,0.0,1.0,0.0,0.5,1.0,1.0,1.0,1.0,0.0
819,0.1642512077294686,0.5,1.0,0.75,0.0,1.0,0.0,0.5,1.0,1.0,1.0,1.0,0.0
820,0.26086956521739124,0.5,0.5,0.75,1.0,1.0,1.0,0.0,0.0,1.0,1.0,0.5,1.0
821,0.10144927536231885,0.5,0.5,0.75,1.0,1.0,1.0,0.0,0.0,1.0,1.0,0.5,1.0
822,0.1642512077294686,0.5,0.5,0.75,1.0,1.0,1.0,0.0,0.0,1.0,1.0,0.5,1.0
823,0.024154589371980673,0.0,0.0,1.0,0.5,1.0,1.0,0.0,0.0,0.0,0.0,1.0,0.0
824,0.048309178743961345,0.0,0.0,1.0,0.5,1.0,1.0,0.0,0.0,0.0,0.0,1.0,0.0
825,0.10144927536231885,0.0,0.0,1.0,0.5,1.0,1.0,0.0,0.0,0.0,0.0,1.0,0.0
826,0.06763285024154586,0.0,0.0,1.0,0.5,1.0,1.0,0.0,0.0,0.0,0.0,1.0,0.0
827,0.23671497584541057,1.0,0.5,0.5,0.5,0.0,0.0,1.0,0.0,1.0,0.0,1.0,0.0
828,0.03864734299516909,1.0,0.5,0.5,0.5,0.0,0.0,1.0,0.0,1.0,0.0,1.0,0.0
829,0.07246376811594202,1.0,0.5,0.5,0.5,0.0,0.0,1.0,0.0,1.0,0.0,1.0,0.0
830,0.019323671497584516,1.0,0.5,0.5,0.5,0.0,0.0,1.0,0.0,1.0,0.0,1.0,0.0
831,0.2753623188405797,0.5,1.0,0.5,1.0,1.0,0.0,1.0,0.0,1.0,1.0,1.0,1.0
832,0.2222222222222222,0.5,1.0,0.5,1.0,1.0,0.0,1.0,0.0,1.0,1.0,1.0,1.0
833,0.13526570048309178,0.5,1.0,0.5,1.0,1.0,0.0,1.0,0.0,1.0,1.0,1.0,1.0
834,0.08695652173913043,0.5,1.0,0.5,1.0,1.0,0.0,1.0,0.0,1.0,1.0,1.0,1.0
835,0.15942028985507245,0.5,1.0,0.5,0.5,0.0,0.0,0.0,1.0,0.0,1.0,0.0,1.0
836,0.1111111111111111,0.5,1.0,0.5,0.5,0.0,0.0,0.0,1.0,0.0,1.0,0.0,1.0
837,0.17874396135265697,0.5,0.5,0.75,0.5,0.0,1.0,0.0,1.0,0.0,1.0,0.5,1.0
838,0.12560386473429952,1.0,0.0,0.5,0.5,0.0,1.0,0.5,1.0,1.0,0.0,0.5,1.0
839,0.19806763285024154,1.0,0.0,0.5,0.5,0.0,1.0,0.5,1.0,1.0,0.0,0.5,1.0
840,0.23671497584541057,1.0,0.0,0.5,0.5,0.0,1.0,0.5,1.0,1.0,0.0,0.5,1.0
841,0.07729468599033817,1.0,0.5,0.5,0.5,0.0,1.0,1.0,0.0,1.0,1.0,1.0,0.0
842,0.019323671497584516,1.0,0.5,0.5,0.5,0.0,1.0,1.0,0.0,1.0,1.0,1.0,0.0
843,0.1642512077294686,0.5,0.0,0.25,1.0,1.0,1.0,1.0,0.0,1.0,0.0,0.5,1.0
844,0.1497584541062802,0.5,0.0,0.25,1.0,1.0,1.0,1.0,0.0,1.0,0.0,0.5,1.0
845,0.1545893719806763,0.5,0.0,0.25,1.0,1.0,1.0,1.0,0.0,1.0,0.0,0.5,1.0
846,0.1159420289855072,0.0,0.0,0.5,1.0,1.0,1.0,0.0,0.0,0.0,0.0,0.0,1.0
847,0.14009661835748793,0.0,0.0,0.5,1.0,1.0,1.0,0.0,0.0,0.0,0.0,0.0,1.0
848,0.14492753623188404,0.0,0.0,0.5,1.0,1.0,1.0,0.0,0.0,0.0,0.0,0.0,1.0
849,0.13526570048309178,0.0,0.0,0.5,1.0,1.0,1.0,0.0,0.0,0.0,0.0,0.0,1.0
850,0.13043478260869562,0.0,0.0,0.5,1.0,1.0,1.0,0.0,0.0,0.0,0.0,0.0,1.0
851,0.19806763285024154,0.5,1.0,0.5,0.5,1.0,0.0,0.0,1.0,1.0,1.0,0.0,1.0
852,0.20772946859903385,0.5,1.0,0.5,0.5,1.0,0.0,0.0,1.0,1.0,1.0,0.0,1.0
853,0.3719806763285024,0.5,1.0,0.5,0.5,1.0,0.0,0.0,1.0,1.0,1.0,0.0,1.0
854,0.1690821256038647,0.5,1.0,0.5,0.5,1.0,0.0,0.0,1.0,1.0,1.0,0.0,1.0
855,0.19323671497584538,0.5,0.5,0.75,1.0,1.0,1.0,0.5,0.0,1.0,1.0,1.0,1.0
856,0.12560386473429952,1.0,0.0,0.5,0.0,0.0,1.0,1.0,1.0,1.0,0.0,1.0,0.0
857,0.0579710144927536,1.0,0.0,0.5,0.0,0.0,1.0,1.0,1.0,1.0,0.0,1.0,0.0
858,0.1642512077294686,1.0,0.0,0.5,0.0,0.0,1.0,1.0,1.0,1.0,0.0,1.0,0.0
859,0.07246376811594202,0.5,1.0,0.25,0.5,1.0,0.0,0.5,0.0,1.0,1.0,0.0,0.0
860,0.014492753623188415,0.5,1.0,0.25,0.5,1.0,0.0,0.5,0.0,1.0,1.0,0.0,0.0
861,0.08212560386473428,0.5,1.0,0.25,0.5,1.0,0.0,0.5,0.0,1.0,1.0,0.0,0.0
862,0.0579710144927536,0.0,1.0,0.5,0.5,1.0,0.0,0.0,0.0,0.0,1.0,0.0,0.0
863,0.07729468599033817,0.5,1.0,0.75,0.5,1.0,0.0,0.0,0.0,1.0,1.0,0.5,0.0
864,0.10144927536231885,1.0,0.5,1.0,1.0,0.0,1.0,0.0,0.0,1.0,1.0,1.0,1.0
865,0.048309178743961345,1.0,0.5,0.0,0.5,0.0,0.0,1.0,0.0,1.0,0.0,0.0,0.0
866,0.03864734299516909,1.0,0.5,0.0,0.5,0.0,0.0,1.0,0.0,1.0,0.0,0.0,0.0
867,0.18840579710144928,1.0,0.5,0.5,0.5,0.0,1.0,1.0,1.0,1.0,1.0,1.0,1.0
868,0.2657004830917874,1.0,0.5,0.5,0.5,0.0,1.0,1.0,1.0,1.0,1.0,1.0,1.0
869,0.17874396135265697,1.0,1.0,0.0,0.0,0.0,0.0,1.0,1.0,1.0,1.0,0.0,0.0
870,0.14009661835748793,1.0,1.0,0.0,0.0,0.0,0.0,1.0,1.0,1.0,1.0,0.0,0.0
871,0.0,0.5,0.5,0.25,0.5,0.0,0.0,0.5,0.0,0.0,0.0,0.0,0.0
872,0.024154589371980673,0.5,0.5,0.25,0.5,0.0,0.0,0.5,0.0,0.0,0.0,0.0,0.0
873,0.1545893719806763,0.5,0.0,0.25,0.5,1.0,1.0,0.5,1.0,1.0,0.0,0.0,1.0
874,0.23671497584541057,0.5,0.0,0.25,0.5,1.0,1.0,0.5,1.0,1.0,0.0,0.0,1.0
875,0.14492753623188404,0.5,0.0,0.25,0.5,1.0,1.0,0.5,1.0,1.0,0.0,0.0,1.0
876,0.20772946859903385,0.5,0.0,0.25,0.5,1.0,1.0,0.5,1.0,1.0,0.0,0.0,1.0
877,0.32367149758454106,0.5,0.0,0.25,0.5,1.0,1.0,0.5,1.0,1.0,0.0,0.0,1.0
878,0.2560386473429952,0.0,0.5,0.75,0.5,1.0,0.0,0.5,1.0,0.0,0.0,1.0,1.0
879,0.2125603864734299,0.0,0.5,0.75,0.5,1.0,0.0,0.5,1.0,0.0,0.0,1.0,1.0
880,0.23188405797101452,0.0,0.5,0.75,0.5,1.0,0.0,0.5,1.0,0.0,0.0,1.0,1.0
881,0.1159420289855072,1.0,0.5,0.0,0.0,0.0,0.0,1.0,1.0,1.0,0.0,0.0,0.0
882,0.14009661835748793,1.0,0.5,0.0,0.0,0.0,0.0,1.0,1.0,1.0,0.0,0.0,0.0
883,0.17874396135265697,1.0,0.5,0.0,0.0,0.0,0.0,1.0,1.0,1.0,0.0,0.0,0.0
884,0.15942028985507245,0.0,1.0,0.5,1.0,1.0,0.0,0.0,0.0,0.0,1.0,0.0,1.0
885,0.18840579710144928,0.0,1.0,0.5,1.0,1.0,0.0,0.0,0.0,0.0,1.0,0.0,1.0
886,0.1159420289855072,0.0,1.0,0.5,1.0,1.0,0.0,0.0,0.0,0.0,1.0,0.0,1.0
887,0.19323671497584538,1.0,0.0,1.0,0.5,0.0,1.0,0.0,1.0,1.0,0.0,1.0,1.0
888,0.2850241545893719,1.0,0.0,1.0,0.5,0.0,1.0,0.0,1.0,1.0,0.0,1.0,1.0
889,0.17391304347826086,1.0,0.0,1.0,0.5,0.0,1.0,0.0,1.0,1.0,0.0,1.0,1.0
890,0.22705314009661837,1.0,0.0,1.0,0.5,0.0,1.0,0.0,1.0,1.0,0.0,1.0,1.0
891,0.019323671497584516,0.0,0.5,0.5,0.5,1.0,1.0,1.0,0.0,0.0,1.0,1.0,0.0
892,0.07729468599033817,0.0,0.5,0.5,0.5,1.0,1.0,1.0,0.0,0.0,1.0,1.0,0.0
893,0.048309178743961345,0.5,0.5,0.5,0.0,0.0,1.0,1.0,1.0,0.0,1.0,1.0,0.0
894,0.10628019323671495,0.5,0.5,0.5,0.0,0.0,1.0,1.0,1.0,0.0,1.0,1.0,0.0
895,0.1545893719806763,0.5,0.5,0.5,0.0,0.0,1.0,1.0,1.0,0.0,1.0,1.0,0.0
896,0.07246376811594202,0.5,0.5,0.5,0.0,0.0,1.0,1.0,1.0,0.0,1.0,1.0,0.0
897,0.20772946859903385,0.5,0.0,0.25,0.5,0.0,1.0,1.0,1.0,0.0,0.0,0.5,1.0
898,0.2657004830917874,0.5,0.0,0.25,0.5,0.0,1.0,1.0,1.0,0.0,0.0,0.5,1.0
899,0.23671497584541057,0.5,0.0,0.25,0.5,0.0,1.0,1.0,1.0,0.0,0.0,0.5,1.0
900,0.10628019323671495,1.0,0.5,0.25,0.0,0.0,0.0,0.5,1.0,1.0,0.0,0.0,0.0
901,0.10144927536231885,1.0,0.5,0.25,0.0,0.0,0.0,0.5,1.0,1.0,0.0,0.0,0.0
902,0.1642512077294686,0.0,0.0,1.0,0.5,1.0,1.0,0.0,1.0,0.0,0.0,1.0,1.0
903,0.23188405797101452,0.0,0.0,1.0,0.5,1.0,1.0,0.0,1.0,0.0,0.0,1.0,1.0
904,0.41062801932367143,0.0,0.0,1.0,0.5,1.0,1.0,0.0,1.0,0.0,0.0,1.0,1.0
905,0.26086956521739124,0.0,0.0,1.0,0.5,1.0,1.0,0.0,1.0,0.0,0.0,1.0,1.0
906,0.1497584541062802,0.5,0.5,0.5,1.0,1.0,1.0,0.5,0.0,1.0,1.0,0.5,1.0
907,0.1545893719806763,0.5,0.5,0.5,1.0,1.0,1.0,0.5,0.0,1.0,1.0,0.5,1.0
908,0.14492753623188404,0.5,0.5,0.5,1.0,1.0,1.0,0.5,0.0,1.0,1.0,0.5,1.0
909,0.12560386473429952,1.0,0.5,0.25,0.0,0.0,0.0,1.0,1.0,1.0,0.0,0.5,0.0
910,0.10144927536231885,0.0,1.0,0.0,0.0,1.0,0.0,1.0,1.0,0.0,1.0,0.0,0.0
911,0.1111111111111111,0.0,1.0,0.0,0.0,1.0,0.0,1.0,1.0,0.0,1.0,0.0,0.0
912,0.15942028985507245,0.0,1.0,0.0,0.0,1.0,0.0,1.0,1.0,0.0,1.0,0.0,0.0
913,0.028985507246376774,1.0,0.5,0.5,0.5,0.0,0.0,0.5,0.0,1.0,0.0,0.5,0.0
914,0.07729468599033817,1.0,0.5,0.5,0.5,0.0,0.0,0.5,0.0,1.0,0.0,0.5,0.0
915,0.009661835748792258,1.0,0.5,0.5,0.5,0.0,0.0,0.5,0.0,1.0,0.0,0.5,0.0
916,0.08212560386473428,0.5,1.0,0.75,1.0,0.0,0.0,0.0,0.0,0.0,1.0,0.5,1.0
917,0.1497584541062802,0.5,1.0,0.75,1.0,0.0,0.0,0.0,0.0,0.0,1.0,0.5,1.0
918,0.12560386473429952,0.5,1.0,0.75,1.0,0.0,0.0,0.0,0.0,0.0,1.0,0.5,1.0
919,0.14009661835748793,0.5,0.5,0.25,1.0,1.0,0.0,1.0,0.0,1.0,0.0,0.5,1.0
920,0.028985507246376774,1.0,0.5,0.75,0.5,0.0,0.0,0.0,0.0,1.0,0.0,0.5,0.0
921,0.06280193236714976,0.0,0.5,0.0,0.5,1.0,1.0,1.0,0.0,0.0,1.0,0.0,0.0
922,0.08695652173913043,0.0,0.5,0.0,0.5,1.0,1.0,1.0,0.0,0.0,1.0,0.0,0.0
923,0.07729468599033817,0.0,0.5,0.0,0.5,1.0,1.0,1.0,0.0,0.0,1.0,0.0,0.0
924,0.06763285024154586,0.0,0.5,0.0,0.5,1.0,1.0,1.0,0.0,0.0,1.0,0.0,0.0
925,0.03381642512077293,0.0,0.5,0.0,0.5,1.0,1.0,1.0,0.0,0.0,1.0,0.0,0.0
926,0.10144927536231885,0.5,0.5,0.0,0.0,0.0,0.0,1.0,1.0,0.0,0.0,0.0,0.0
927,0.09178743961352653,0.5,0.5,0.0,0.0,0.0,0.0,1.0,1.0,0.0,0.0,0.0,0.0
928,0.12077294685990336,0.5,0.5,0.0,0.0,0.0,0.0,1.0,1.0,0.0,0.0,0.0,0.0
929,0.1497584541062802,0.5,0.5,0.0,0.0,0.0,0.0,1.0,1.0,0.0,0.0,0.0,0.0
930,0.028985507246376774,0.0,0.0,0.75,0.5,1.0,1.0,0.5,0.0,0.0,0.0,1.0,0.0
931,0.0579710144927536,0.0,0.0,0.75,0.5,1.0,1.0,0.5,0.0,0.0,0.0,1.0,0.0
932,0.09661835748792269,0.0,0.0,0.75,0.5,1.0,1.0,0.5,0.0,0.0,0.0,1.0,0.0
933,0.09178743961352653,0.0,0.0,0.75,0.5,1.0,1.0,0.5,0.0,0.0,0.0,1.0,0.0
934,0.12077294685990336,0.0,0.0,0.75,0.5,1.0,1.0,0.5,0.0,0.0,0.0,1.0,0.0
935,0.09661835748792269,0.5,1.0,0.75,0.0,1.0,0.0,0.0,1.0,1.0,1.0,0.5,0.0
936,0.06763285024154586,0.5,1.0,0.75,0.0,1.0,0.0,0.0,1.0,1.0,1.0,0.5,0.0
937,0.18357487922705312,0.5,1.0,0.75,0.0,1.0,0.0,0.0,1.0,1.0,1.0,0.5,0.0
938,0.04347826086956519,0.5,0.0,0.5,0.5,0.0,1.0,1.0,0.0,0.0,0.0,1.0,0.0
939,0.1159420289855072,0.0,0.0,0.25,0.0,1.0,1.0,0.5,1.0,0.0,0.0,0.0,0.0
940,0.1111111111111111,0.0,0.0,0.25,0.0,1.0,1.0,0.5,1.0,0.0,0.0,0.0,0.0
941,0.1111111111111111,1.0,0.0,0.25,0.0,0.0,1.0,1.0,1.0,1.0,0.0,0.5,0.0
942,0.10144927536231885,1.0,0.0,0.25,0.0,0.0,1.0,1.0,1.0,1.0,0.0,0.5,0.0
943,0.09661835748792269,1.0,0.0,0.25,0.0,0.0,1.0,1.0,1.0,1.0,0.0,0.5,0.0
944,0.024154589371980673,0.0,1.0,0.25,0.5,1.0,0.0,0.5,0.0,0.0,1.0,0.0,0.0
945,0.053140096618357446,0.0,1.0,0.25,0.5,1.0,0.0,0.5,0.0,0.0,1.0,0.0,0.0
946,0.048309178743961345,0.0,1.0,0.25,0.5,1.0,0.0,0.5,0.0,0.0,1.0,0.0,0.0
947,0.009661835748792258,0.5,0.0,1.0,0.5,0.0,1.0,0.0,0.0,0.0,0.0,1.0,0.0
948,0.21739130434782605,0.0,1.0,0.25,0.5,1.0,0.0,1.0,1.0,0.0,1.0,0.5,1.0
949,0.17874396135265697,0.0,1.0,0.25,0.5,1.0,0.0,1.0,1.0,0.0,1.0,0.5,1.0
950,0.20772946859903385,0.0,1.0,0.25,0.5,1.0,0.0,1.0,1.0,0.0,1.0,0.5,1.0
951,0.13526570048309178,0.5,0.5,0.5,0.0,0.0,1.0,0.5,1.0,0.0,1.0,0.5,0.0
952,0.12560386473429952,0.5,0.5,0.0,0.0,0.0,1.0,1.0,1.0,0.0,1.0,0.0,0.0
953,0.13043478260869562,0.5,0.5,0.0,0.0,0.0,1.0,1.0,1.0,0.0,1.0,0.0,0.0
954,0.1111111111111111,0.5,0.0,1.0,1.0,0.0,1.0,0.0,0.0,0.0,0.0,1.0,1.0
955,0.13043478260869562,0.5,0.0,1.0,1.0,0.0,1.0,0.0,0.0,0.0,0.0,1.0,1.0
956,0.08695652173913043,0.5,0.0,0.5,0.0,0.0,1.0,0.5,1.0,0.0,0.0,0.5,0.0
957,0.08695652173913043,0.0,1.0,0.75,0.5,1.0,0.0,0.0,0.0,0.0,1.0,0.5,0.0
958,0.21739130434782605,0.0,0.5,0.25,1.0,1.0,1.0,0.5,0.0,0.0,1.0,0.0,1.0
959,0.14492753623188404,0.0,0.5,0.25,1.0,1.0,1.0,0.5,0.0,0.0,1.0,0.0,1.0
960,0.19806763285024154,0.5,0.5,0.0,0.5,1.0,1.0,1.0,1.0,1.0,1.0,0.0,1.0
961,0.22705314009661837,0.5,0.5,0.0,0.5,1.0,1.0,1.0,1.0,1.0,1.0,0.0,1.0
962,0.21739130434782605,0.5,0.5,0.0,0.5,1.0,1.0,1.0,1.0,1.0,1.0,0.0,1.0
963,0.19323671497584538,0.5,0.5,0.0,0.5,1.0,1.0,1.0,1.0,1.0,1.0,0.0,1.0
964,0.12560386473429952,0.5,0.5,0.0,0.5,1.0,0.0,1.0,1.0,1.0,0.0,0.0,1.0
965,0.23671497584541057,0.5,0.5,0.0,0.5,1.0,0.0,1.0,1.0,1.0,0.0,0.0,1.0
966,0.18357487922705312,0.5,0.5,0.0,0.5,1.0,0.0,1.0,1.0,1.0,0.0,0.0,1.0
967,0.23188405797101452,0.5,0.5,0.0,0.5,1.0,0.0,1.0,1.0,1.0,0.0,0.0,1.0
968,0.1111111111111111,0.5,0.0,1.0,0.0,0.0,1.0,0.0,1.0,0.0,0.0,1.0,0.0
969,0.1545893719806763,0.5,0.0,1.0,0.0,0.0,1.0,0.0,1.0,0.0,0.0,1.0,0.0
970,0.13043478260869562,0.5,0.0,1.0,0.0,0.0,1.0,0.0,1.0,0.0,0.0,1.0,0.0
971,0.08212560386473428,0.0,1.0,0.75,0.0,1.0,0.0,0.5,1.0,0.0,1.0,1.0,0.0
972,0.2028985507246377,0.0,1.0,0.75,0.0,1.0,0.0,0.5,1.0,0.0,1.0,1.0,0.0
973,0.14492753623188404,0.0,1.0,0.75,0.0,1.0,0.0,0.5,1.0,0.0,1.0,1.0,0.0
974,0.09178743961352653,0.0,1.0,0.75,0.0,1.0,0.0,0.5,1.0,0.0,1.0,1.0,0.0
975,0.23671497584541057,1.0,0.5,0.5,0.5,0.0,1.0,0.5,1.0,1.0,1.0,0.5,1.0
976,0.3719806763285024,1.0,0.5,0.5,0.5,0.0,1.0,0.5,1.0,1.0,1.0,0.5,1.0
977,0.10144927536231885,0.5,0.5,0.5,0.0,1.0,0.0,1.0,1.0,1.0,0.0,1.0,0.0
978,0.08212560386473428,0.0,0.5,0.5,1.0,1.0,0.0,1.0,0.0,0.0,0.0,1.0,1.0
979,0.1111111111111111,0.0,0.5,0.5,1.0,1.0,0.0,1.0,0.0,0.0,0.0,1.0,1.0
980,0.15942028985507245,0.5,1.0,0.25,0.5,0.0,0.0,1.0,1.0,0.0,1.0,0.5,1.0
981,0.2222222222222222,0.5,1.0,0.25,0.5,0.0,0.0,1.0,1.0,0.0,1.0,0.5,1.0
982,0.014492753623188415,1.0,0.5,0.25,0.5,0.0,0.0,0.5,0.0,1.0,0.0,0.0,0.0
983,0.04347826086956519,1.0,0.5,0.25,0.5,0.0,0.0,0.5,0.0,1.0,0.0,0.0,0.0
984,0.08212560386473428,0.5,0.5,0.25,0.5,0.0,1.0,0.5,0.0,0.0,1.0,0.0,0.0
985,0.13526570048309178,0.5,0.0,0.75,0.0,0.0,1.0,0.0,1.0,0.0,0.0,0.5,0.0
986,0.10628019323671495,0.5,0.0,0.75,0.0,0.0,1.0,0.0,1.0,0.0,0.0,0.5,0.0
987,0.12560386473429952,0.5,0.0,0.75,1.0,1.0,1.0,0.5,0.0,1.0,0.0,1.0,1.0
988,0.1642512077294686,0.0,0.5,0.25,1.0,1.0,1.0,1.0,0.0,0.0,1.0,0.5,1.0
989,0.04347826086956519,0.5,1.0,0.5,0.5,0.0,0.0,1.0,0.0,0.0,1.0,1.0,0.0
990,0.1497584541062802,1.0,0.0,0.25,0.0,0.0,1.0,0.5,1.0,1.0,0.0,0.0,0.0
991,0.14009661835748793,1.0,0.0,0.25,0.0,0.0,1.0,0.5,1.0,1.0,0.0,0.0,0.0
992,0.06280193236714976,0.0,0.0,0.5,1.0,1.0,1.0,1.0,0.0,0.0,0.0,1.0,1.0
993,0.1545893719806763,0.0,0.0,0.25,1.0,1.0,1.0,1.0,0.0,0.0,0.0,0.5,1.0
994,0.028985507246376774,0.5,0.0,0.25,0.5,0.0,1.0,0.5,0.0,0.0,0.0,0.0,0.0
995,0.07246376811594202,0.5,0.0,0.25,0.5,0.0,1.0,0.5,0.0,0.0,0.0,0.0,0.0
996,0.2657004830917874,0.0,0.5,0.5,0.5,1.0,1.0,1.0,1.0,0.0,1.0,1.0,1.0
997,0.18840579710144928,0.0,0.5,0.5,0.5,1.0,1.0,1.0,1.0,0.0,1.0,1.0,1.0
998,0.26086956521739124,0.0,1.0,0.5,0.5,1.0,0.0,0.0,1.0,0.0,1.0,0.0,1.0
999,0.22705314009661837,0.0,1.0,0.5,0.5,1.0,0.0,0.0,1.0,0.0,1.0,0.0,1.0
1000,0.053140096618357446,0.0,1.0,1.0,0.5,1.0,0.0,0.0,0.0,0.0,1.0,1.0,0.0
1001,0.028985507246376774,0.0,1.0,1.0,0.5,1.0,0.0,0.0,0.0,0.0,1.0,1.0,0.0
1002,0.04347826086956519,0.0,1.0,1.0,0.5,1.0,0.0,0.0,0.0,0.0,1.0,1.0,0.0
1003,0.03864734299516909,0.0,1.0,1.0,0.5,1.0,0.0,0.0,0.0,0.0,1.0,1.0,0.0
1004,0.06763285024154586,0.0,1.0,1.0,0.5,1.0,0.0,0.0,0.0,0.0,1.0,1.0,0.0
1005,0.22705314009661837,0.0,0.0,0.25,0.5,1.0,1.0,0.5,1.0,0.0,0.0,0.0,1.0
1006,0.17391304347826086,0.0,0.0,0.25,0.5,1.0,1.0,0.5,1.0,0.0,0.0,0.0,1.0
1007,0.009661835748792258,0.5,1.0,0.0,0.5,0.0,0.0,1.0,0.0,0.0,1.0,0.0,0.0
1008,0.1497584541062802,0.5,0.5,0.5,1.0,1.0,1.0,1.0,0.0,1.0,1.0,1.0,1.0
1009,0.08695652173913043,0.5,0.5,0.5,1.0,1.0,1.0,1.0,0.0,1.0,1.0,1.0,1.0
1010,0.048309178743961345,0.5,1.0,0.5,0.5,1.0,0.0,0.0,0.0,1.0,1.0,0.0,0.0
1011,0.09178743961352653,0.5,1.0,0.5,0.5,1.0,0.0,0.0,0.0,1.0,1.0,0.0,0.0
1012,0.09661835748792269,1.0,0.0,1.0,0.0,0.0,1.0,0.0,1.0,1.0,0.0,1.0,0.0
1013,0.13526570048309178,1.0,0.0,1.0,0.0,0.0,1.0,0.0,1.0,1.0,0.0,1.0,0.0
1014,0.1497584541062802,0.5,0.0,0.25,0.0,0.0,1.0,0.5,1.0,0.0,0.0,0.0,0.0
1015,0.12560386473429952,0.5,0.0,0.25,0.0,0.0,1.0,0.5,1.0,0.0,0.0,0.0,0.0
1016,0.08212560386473428,0.5,0.0,0.25,0.0,0.0,1.0,0.5,1.0,0.0,0.0,0.0,0.0
1017,0.13526570048309178,1.0,0.5,0.5,0.0,0.0,1.0,0.0,1.0,1.0,1.0,0.0,0.0
1018,0.03864734299516909,1.0,1.0,0.75,0.5,0.0,0.0,0.0,0.0,1.0,1.0,0.5,0.0
1019,0.14492753623188404,0.5,1.0,0.5,0.0,1.0,0.0,0.5,1.0,1.0,1.0,0.5,0.0
1020,0.18357487922705312,0.5,1.0,0.5,0.0,1.0,0.0,0.5,1.0,1.0,1.0,0.5,0.0
1021,0.014492753623188415,0.5,0.5,0.0,0.5,1.0,0.0,1.0,0.0,1.0,0.0,0.0,0.0
1022,0.03864734299516909,1.0,1.0,0.5,0.5,0.0,0.0,0.0,0.0,1.0,1.0,0.0,0.0
1023,0.19323671497584538,0.5,1.0,0.25,0.5,0.0,0.0,0.5,1.0,0.0,1.0,0.0,1.0
1024,0.053140096618357446,1.0,0.5,0.75,0.5,0.0,1.0,0.0,0.0,1.0,1.0,0.5,0.0
1025,0.10144927536231885,1.0,0.5,0.75,0.5,0.0,1.0,0.0,0.0,1.0,1.0,0.5,0.0
1026,0.14009661835748793,0.0,1.0,0.75,1.0,1.0,0.0,0.0,0.0,0.0,1.0,0.5,1.0
1027,0.1497584541062802,0.0,1.0,0.75,1.0,1.0,0.0,0.0,0.0,0.0,1.0,0.5,1.0
1028,0.13043478260869562,1.0,1.0,1.0,1.0,0.0,0.0,0.0,0.0,1.0,1.0,1.0,1.0
1029,0.06763285024154586,1.0,1.0,1.0,1.0,0.0,0.0,0.0,0.0,1.0,1.0,1.0,1.0
1030,0.14009661835748793,1.0,1.0,1.0,1.0,0.0,0.0,0.0,0.0,1.0,1.0,1.0,1.0
1031,0.08212560386473428,0.5,0.5,0.75,0.5,0.0,1.0,0.0,0.0,0.0,1.0,0.5,0.0
1032,0.06280193236714976,0.5,1.0,0.75,0.5,1.0,0.0,0.5,0.0,1.0,1.0,1.0,0.0
1033,0.053140096618357446,1.0,0.0,0.75,0.5,0.0,1.0,0.5,0.0,1.0,0.0,1.0,0.0
1034,0.07246376811594202,1.0,0.0,0.75,0.5,0.0,1.0,0.5,0.0,1.0,0.0,1.0,0.0
1035,0.15942028985507245,0.0,0.0,0.5,0.0,1.0,1.0,1.0,1.0,0.0,0.0,1.0,0.0
1036,0.2028985507246377,0.0,0.0,0.5,0.0,1.0,1.0,1.0,1.0,0.0,0.0,1.0,0.0
1037,0.024154589371980673,0.5,0.5,0.75,0.5,0.0,0.0,0.0,0.0,0.0,0.0,0.5,0.0
1038,0.0,0.5,0.5,0.75,0.5,0.0,0.0,0.0,0.0,0.0,0.0,0.5,0.0
1039,0.2028985507246377,0.0,0.5,0.5,0.0,1.0,0.0,1.0,1.0,0.0,0.0,1.0,0.0
1040,0.1159420289855072,0.0,0.5,0.5,0.0,1.0,0.0,1.0,1.0,0.0,0.0,1.0,0.0
1041,0.019323671497584516,0.0,1.0,0.5,0.5,1.0,0.0,0.5,0.0,0.0,1.0,0.5,0.0
1042,0.06763285024154586,0.0,1.0,0.5,0.5,1.0,0.0,0.5,0.0,0.0,1.0,0.5,0.0
1043,0.14009661835748793,0.5,0.5,0.5,1.0,0.0,0.0,1.0,0.0,0.0,0.0,1.0,1.0
1044,0.13043478260869562,0.5,0.5,0.5,1.0,0.0,0.0,1.0,0.0,0.0,0.0,1.0,1.0
1045,0.06280193236714976,0.5,0.0,0.25,0.5,1.0,1.0,1.0,0.0,1.0,0.0,0.5,0.0
1046,0.0579710144927536,0.5,0.0,0.75,1.0,0.0,1.0,0.0,0.0,0.0,0.0,0.5,1.0
1047,0.1111111111111111,0.5,0.0,0.75,1.0,0.0,1.0,0.0,0.0,0.0,0.0,0.5,1.0
1048,0.1111111111111111,0.0,0.0,0.75,1.0,1.0,1.0,0.5,0.0,0.0,0.0,1.0,1.0
1049,0.13043478260869562,0.5,1.0,0.5,1.0,1.0,0.0,0.5,0.0,1.0,1.0,0.5,1.0
1050,0.1111111111111111,0.5,1.0,0.5,1.0,1.0,0.0,0.5,0.0,1.0,1.0,0.5,1.0
1051,0.12560386473429952,0.5,0.5,1.0,0.5,1.0,1.0,0.0,0.0,1.0,1.0,1.0,0.0
1052,0.1497584541062802,0.5,0.5,0.0,1.0,1.0,0.0,1.0,0.0,1.0,0.0,0.0,1.0
1053,0.07246376811594202,0.0,1.0,0.25,0.5,1.0,0.0,1.0,0.0,0.0,1.0,0.5,0.0
1054,0.053140096618357446,0.0,1.0,0.25,0.5,1.0,0.0,1.0,0.0,0.0,1.0,0.5,0.0
1055,0.12077294685990336,0.5,0.0,0.25,0.0,1.0,1.0,0.5,1.0,1.0,0.0,0.0,0.0
1056,0.09178743961352653,0.5,0.0,0.25,0.0,1.0,1.0,0.5,1.0,1.0,0.0,0.0,0.0
1057,0.06763285024154586,0.5,0.0,0.25,0.0,1.0,1.0,0.5,1.0,1.0,0.0,0.0,0.0
1058,0.23188405797101452,0.0,1.0,1.0,0.5,1.0,0.0,0.0,1.0,0.0,1.0,1.0,1.0
1059,0.18840579710144928,0.0,1.0,1.0,0.5,1.0,0.0,0.0,1.0,0.0,1.0,1.0,1.0
1060,0.08695652173913043,0.5,0.0,0.5,0.0,1.0,1.0,1.0,1.0,1.0,0.0,1.0,0.0
1061,0.2222222222222222,0.5,0.0,0.5,0.0,1.0,1.0,1.0,1.0,1.0,0.0,1.0,0.0
1062,0.13526570048309178,0.5,0.0,0.5,0.0,1.0,1.0,1.0,1.0,1.0,0.0,1.0,0.0
1063,0.2753623188405797,0.5,0.0,0.5,0.0,1.0,1.0,1.0,1.0,1.0,0.0,1.0,0.0
1064,0.09178743961352653,1.0,1.0,0.25,1.0,0.0,0.0,0.5,0.0,1.0,1.0,0.0,1.0
1065,0.2028985507246377,0.5,0.0,0.5,0.0,1.0,1.0,0.0,1.0,1.0,0.0,0.0,0.0
1066,0.0579710144927536,0.5,0.0,0.5,0.0,1.0,1.0,0.0,1.0,1.0,0.0,0.0,0.0
1067,0.12560386473429952,0.5,0.5,0.75,1.0,0.0,0.0,0.5,0.0,0.0,0.0,1.0,1.0
1068,0.07729468599033817,0.5,0.0,0.5,1.0,0.0,1.0,1.0,0.0,0.0,0.0,1.0,1.0
1069,0.03381642512077293,0.5,0.5,0.25,0.5,1.0,0.0,1.0,0.0,1.0,0.0,0.5,0.0
1070,0.0579710144927536,0.5,0.5,0.25,0.5,1.0,0.0,1.0,0.0,1.0,0.0,0.5,0.0
1071,0.14009661835748793,0.5,1.0,0.0,0.0,1.0,0.0,1.0,1.0,1.0,1.0,0.0,0.0
1072,0.20772946859903385,0.5,1.0,0.0,0.0,1.0,0.0,1.0,1.0,1.0,1.0,0.0,0.0
1073,0.10628019323671495,0.5,1.0,0.0,0.0,1.0,0.0,1.0,1.0,1.0,1.0,0.0,0.0
1074,0.048309178743961345,0.0,0.5,0.75,0.5,1.0,1.0,0.0,0.0,0.0,1.0,0.5,0.0
1075,0.1497584541062802,0.5,1.0,0.5,0.0,0.0,0.0,0.0,1.0,0.0,1.0,0.0,0.0
1076,0.024154589371980673,0.5,0.5,0.25,0.5,1.0,1.0,1.0,0.0,1.0,1.0,0.5,0.0
1077,0.10144927536231885,0.0,1.0,0.75,1.0,1.0,0.0,0.5,0.0,0.0,1.0,1.0,1.0
1078,0.09661835748792269,0.0,1.0,0.75,1.0,1.0,0.0,0.5,0.0,0.0,1.0,1.0,1.0
1079,0.1111111111111111,0.0,1.0,0.75,1.0,1.0,0.0,0.5,0.0,0.0,1.0,1.0,1.0
1080,0.08695652173913043,1.0,0.0,0.25,0.5,0.0,1.0,0.5,0.0,1.0,0.0,0.0,0.0
1081,0.1111111111111111,0.0,0.0,0.5,0.0,1.0,1.0,0.0,1.0,0.0,0.0,0.0,0.0
1082,0.1111111111111111,1.0,0.5,0.5,0.0,0.0,0.0,1.0,1.0,1.0,0.0,1.0,0.0
1083,0.08212560386473428,1.0,0.5,0.5,0.0,0.0,0.0,1.0,1.0,1.0,0.0,1.0,0.0
