,pair_duration,c2-c1,h2-h1,i2-i1,n2-n1,c1,h1,i1,n1,c2,h2,i2,n2
0,0.18357487922705312,1.0,0.0,0.75,0.5,0.0,1.0,0.0,1.0,1.0,0.0,0.5,1.0
1,0.1159420289855072,0.0,0.5,0.5,0.0,1.0,0.0,0.5,1.0,0.0,0.0,0.5,0.0
2,0.06763285024154586,0.0,0.5,0.5,0.0,1.0,0.0,0.5,1.0,0.0,0.0,0.5,0.0
3,0.1111111111111111,0.5,0.5,0.25,1.0,0.0,0.0,0.5,0.0,0.0,0.0,0.0,1.0
4,0.15942028985507245,1.0,0.5,0.5,0.5,0.0,0.0,0.0,1.0,1.0,0.0,0.0,1.0
5,0.2125603864734299,1.0,0.5,0.5,0.5,0.0,0.0,0.0,1.0,1.0,0.0,0.0,1.0
6,0.10628019323671495,0.5,1.0,0.25,1.0,1.0,0.0,0.5,0.0,1.0,1.0,0.0,1.0
7,0.14009661835748793,0.5,0.5,0.25,1.0,0.0,1.0,1.0,0.0,0.0,1.0,0.5,1.0
8,0.08695652173913043,0.0,0.5,0.5,0.5,1.0,1.0,0.5,0.0,0.0,1.0,0.5,0.0
9,0.048309178743961345,1.0,0.5,0.25,0.5,0.0,1.0,0.5,0.0,1.0,1.0,0.0,0.0
10,0.014492753623188415,0.5,0.0,0.75,0.5,1.0,1.0,0.0,0.0,1.0,0.0,0.5,0.0
11,0.07246376811594202,0.5,0.0,0.75,0.5,1.0,1.0,0.0,0.0,1.0,0.0,0.5,0.0
12,0.07729468599033817,0.0,0.5,0.75,0.5,1.0,0.0,0.5,0.0,0.0,0.0,1.0,0.0
13,0.053140096618357446,0.0,0.5,0.75,0.5,1.0,0.0,0.5,0.0,0.0,0.0,1.0,0.0
14,0.20772946859903385,0.5,0.5,0.75,0.5,0.0,0.0,0.0,1.0,0.0,0.0,0.5,1.0
15,0.23671497584541057,0.5,1.0,0.75,0.5,0.0,0.0,0.5,1.0,0.0,1.0,1.0,1.0
16,0.23188405797101452,0.0,0.5,0.5,0.5,1.0,0.0,0.5,1.0,0.0,0.0,0.5,1.0
17,0.028985507246376774,0.0,0.5,1.0,0.5,1.0,1.0,0.0,0.0,0.0,1.0,1.0,0.0
18,0.25120772946859904,0.5,1.0,0.5,0.5,1.0,0.0,1.0,1.0,1.0,1.0,1.0,1.0
19,0.07729468599033817,0.0,0.5,0.5,0.5,1.0,0.0,0.5,0.0,0.0,0.0,0.5,0.0
20,0.009661835748792258,0.0,0.5,0.5,0.5,1.0,0.0,0.5,0.0,0.0,0.0,0.5,0.0
21,0.09178743961352653,1.0,0.5,0.75,0.5,0.0,0.0,0.5,0.0,1.0,0.0,1.0,0.0
22,0.0579710144927536,1.0,0.5,0.75,0.5,0.0,0.0,0.5,0.0,1.0,0.0,1.0,0.0
23,0.07729468599033817,1.0,0.5,1.0,0.5,0.0,1.0,0.0,0.0,1.0,1.0,1.0,0.0
24,0.06763285024154586,1.0,0.5,1.0,0.5,0.0,1.0,0.0,0.0,1.0,1.0,1.0,0.0
25,0.03381642512077293,1.0,0.5,1.0,0.5,0.0,1.0,0.0,0.0,1.0,1.0,1.0,0.0
26,0.12560386473429952,1.0,0.0,0.75,1.0,0.0,1.0,0.5,0.0,1.0,0.0,1.0,1.0
27,0.1159420289855072,1.0,0.0,0.75,1.0,0.0,1.0,0.5,0.0,1.0,0.0,1.0,1.0
28,0.19806763285024154,0.5,0.5,0.25,0.5,1.0,0.0,1.0,1.0,1.0,0.0,0.5,1.0
29,0.19806763285024154,0.0,1.0,0.5,0.5,1.0,0.0,0.5,1.0,0.0,1.0,0.5,1.0
30,0.25120772946859904,1.0,0.5,0.25,0.5,0.0,1.0,0.5,1.0,1.0,1.0,0.0,1.0
31,0.21739130434782605,0.5,0.5,1.0,0.5,1.0,1.0,0.0,1.0,1.0,1.0,1.0,1.0
32,0.19323671497584538,0.5,0.5,1.0,0.5,1.0,1.0,0.0,1.0,1.0,1.0,1.0,1.0
33,0.22705314009661837,0.5,0.5,1.0,0.5,1.0,1.0,0.0,1.0,1.0,1.0,1.0,1.0
34,0.1545893719806763,0.5,0.0,0.5,1.0,1.0,1.0,1.0,0.0,1.0,0.0,1.0,1.0
35,0.12077294685990336,0.0,0.5,1.0,0.0,1.0,1.0,0.0,1.0,0.0,1.0,1.0,0.0
36,0.03864734299516909,0.0,0.5,0.5,0.5,1.0,0.0,1.0,0.0,0.0,0.0,1.0,0.0
37,0.2028985507246377,1.0,1.0,0.5,1.0,0.0,0.0,1.0,0.0,1.0,1.0,1.0,1.0
38,0.15942028985507245,1.0,1.0,0.5,1.0,0.0,0.0,1.0,0.0,1.0,1.0,1.0,1.0
39,0.09661835748792269,0.5,1.0,1.0,0.0,1.0,0.0,0.0,1.0,1.0,1.0,1.0,0.0
40,0.15942028985507245,0.5,1.0,1.0,0.0,1.0,0.0,0.0,1.0,1.0,1.0,1.0,0.0
41,0.03864734299516909,0.5,0.0,0.5,0.5,1.0,1.0,1.0,0.0,1.0,0.0,1.0,0.0
42,0.3719806763285024,0.0,0.5,0.5,0.5,1.0,1.0,0.5,1.0,0.0,1.0,0.5,1.0
43,0.14492753623188404,0.5,0.0,0.75,1.0,1.0,1.0,0.0,0.0,1.0,0.0,0.5,1.0
44,0.17391304347826086,0.5,0.0,0.75,1.0,1.0,1.0,0.0,0.0,1.0,0.0,0.5,1.0
45,0.20772946859903385,0.5,1.0,0.75,0.5,1.0,0.0,0.0,1.0,1.0,1.0,0.5,1.0
46,0.32367149758454106,0.5,1.0,0.75,0.5,1.0,0.0,0.0,1.0,1.0,1.0,0.5,1.0
47,0.23671497584541057,0.5,1.0,0.75,0.5,1.0,0.0,0.0,1.0,1.0,1.0,0.5,1.0
48,0.028985507246376774,1.0,0.0,0.5,0.5,0.0,1.0,1.0,0.0,1.0,0.0,1.0,0.0
49,0.13526570048309178,0.0,1.0,0.0,1.0,1.0,0.0,1.0,0.0,0.0,1.0,0.0,1.0
50,0.1545893719806763,0.5,0.5,0.5,0.0,1.0,1.0,0.5,1.0,1.0,1.0,0.5,0.0
51,0.1690821256038647,0.0,0.5,0.25,1.0,1.0,0.0,0.5,0.0,0.0,0.0,0.0,1.0
52,0.22705314009661837,0.0,0.5,0.25,1.0,1.0,0.0,0.5,0.0,0.0,0.0,0.0,1.0
53,0.1642512077294686,0.0,0.0,0.25,0.5,1.0,1.0,1.0,1.0,0.0,0.0,0.5,1.0
54,0.2946859903381642,1.0,1.0,0.5,0.5,0.0,0.0,1.0,1.0,1.0,1.0,1.0,1.0
55,0.1111111111111111,1.0,1.0,0.75,0.5,0.0,0.0,0.5,0.0,1.0,1.0,1.0,0.0
56,0.23188405797101452,1.0,0.0,0.0,0.5,0.0,1.0,1.0,1.0,1.0,0.0,0.0,1.0
57,0.18840579710144928,1.0,0.0,0.0,0.5,0.0,1.0,1.0,1.0,1.0,0.0,0.0,1.0
58,0.20772946859903385,1.0,0.0,0.75,0.5,0.0,1.0,0.5,1.0,1.0,0.0,1.0,1.0
59,0.17874396135265697,1.0,0.0,0.75,0.5,0.0,1.0,0.5,1.0,1.0,0.0,1.0,1.0
60,0.23188405797101452,1.0,0.5,0.5,0.5,0.0,0.0,0.5,1.0,1.0,0.0,0.5,1.0
61,0.12560386473429952,0.5,0.0,1.0,0.0,1.0,1.0,0.0,1.0,1.0,0.0,1.0,0.0
62,0.13043478260869562,0.5,0.0,1.0,0.0,1.0,1.0,0.0,1.0,1.0,0.0,1.0,0.0
63,0.08212560386473428,0.5,0.5,0.0,0.5,0.0,0.0,1.0,0.0,0.0,0.0,0.0,0.0
64,0.12560386473429952,0.5,0.5,1.0,1.0,0.0,1.0,0.0,0.0,0.0,1.0,1.0,1.0
65,0.13043478260869562,0.5,0.5,1.0,1.0,0.0,1.0,0.0,0.0,0.0,1.0,1.0,1.0
66,0.2222222222222222,1.0,0.5,0.25,0.5,0.0,1.0,1.0,1.0,1.0,1.0,0.5,1.0
67,0.053140096618357446,1.0,1.0,1.0,0.5,0.0,0.0,0.0,0.0,1.0,1.0,1.0,0.0
68,0.10628019323671495,0.0,0.5,0.0,1.0,1.0,1.0,1.0,0.0,0.0,1.0,0.0,1.0
69,0.15942028985507245,0.0,0.5,0.0,1.0,1.0,1.0,1.0,0.0,0.0,1.0,0.0,1.0
70,0.1111111111111111,1.0,0.5,0.25,1.0,0.0,1.0,0.5,0.0,1.0,1.0,0.0,1.0
71,0.09178743961352653,1.0,0.5,0.25,1.0,0.0,1.0,0.5,0.0,1.0,1.0,0.0,1.0
72,0.028985507246376774,1.0,0.5,0.0,0.5,0.0,1.0,1.0,0.0,1.0,1.0,0.0,0.0
73,0.12077294685990336,0.5,0.0,1.0,0.5,1.0,1.0,0.0,0.0,1.0,0.0,1.0,0.0
74,0.03381642512077293,0.5,0.0,1.0,0.5,1.0,1.0,0.0,0.0,1.0,0.0,1.0,0.0
75,0.1111111111111111,0.5,1.0,0.75,0.0,0.0,0.0,0.5,1.0,0.0,1.0,1.0,0.0
76,0.25120772946859904,1.0,0.5,0.0,0.5,0.0,1.0,1.0,1.0,1.0,1.0,0.0,1.0
77,0.2995169082125604,1.0,0.5,0.0,0.5,0.0,1.0,1.0,1.0,1.0,1.0,0.0,1.0
78,0.1159420289855072,0.0,1.0,0.75,0.0,1.0,0.0,0.0,1.0,0.0,1.0,0.5,0.0
79,0.13043478260869562,0.0,1.0,0.75,0.0,1.0,0.0,0.0,1.0,0.0,1.0,0.5,0.0
80,0.0579710144927536,1.0,0.5,0.75,0.5,0.0,1.0,0.5,0.0,1.0,1.0,1.0,0.0
81,0.09178743961352653,1.0,0.5,0.75,0.5,0.0,1.0,0.5,0.0,1.0,1.0,1.0,0.0
82,0.08695652173913043,0.5,1.0,0.5,1.0,0.0,0.0,0.5,0.0,0.0,1.0,0.5,1.0
83,0.17391304347826086,0.5,0.5,0.25,0.0,0.0,1.0,0.5,1.0,0.0,1.0,0.0,0.0
84,0.024154589371980673,1.0,1.0,0.25,0.5,0.0,0.0,0.5,0.0,1.0,1.0,0.0,0.0
85,0.07246376811594202,1.0,0.5,1.0,0.5,0.0,0.0,0.0,0.0,1.0,0.0,1.0,0.0
86,0.1642512077294686,0.0,1.0,0.5,1.0,1.0,0.0,1.0,0.0,0.0,1.0,1.0,1.0
87,0.20772946859903385,0.5,0.5,0.25,0.5,0.0,0.0,0.5,1.0,0.0,0.0,0.0,1.0
88,0.10144927536231885,0.5,0.5,0.25,0.0,1.0,1.0,0.5,1.0,1.0,1.0,0.0,0.0
89,0.1642512077294686,0.5,0.5,0.25,0.0,1.0,1.0,0.5,1.0,1.0,1.0,0.0,0.0
90,0.06763285024154586,0.0,0.5,0.5,1.0,1.0,0.0,0.5,0.0,0.0,0.0,0.5,1.0
91,0.1497584541062802,0.0,0.5,0.5,1.0,1.0,0.0,0.5,0.0,0.0,0.0,0.5,1.0
92,0.10628019323671495,0.0,1.0,0.25,1.0,1.0,0.0,1.0,0.0,0.0,1.0,0.5,1.0
93,0.08695652173913043,0.5,0.5,0.0,1.0,0.0,0.0,1.0,0.0,0.0,0.0,0.0,1.0
94,0.18840579710144928,0.5,0.0,0.5,0.0,0.0,1.0,0.0,1.0,0.0,0.0,0.0,0.0
95,0.028985507246376774,0.5,1.0,0.25,0.5,1.0,0.0,1.0,0.0,1.0,1.0,0.5,0.0
96,0.03381642512077293,0.5,1.0,0.25,0.5,1.0,0.0,1.0,0.0,1.0,1.0,0.5,0.0
97,0.2222222222222222,0.5,0.0,0.0,0.5,0.0,1.0,1.0,1.0,0.0,0.0,0.0,1.0
98,0.2560386473429952,0.5,0.0,0.0,0.5,0.0,1.0,1.0,1.0,0.0,0.0,0.0,1.0
99,0.10144927536231885,0.5,1.0,0.5,0.0,1.0,0.0,0.0,1.0,1.0,1.0,0.0,0.0
100,0.04347826086956519,1.0,0.0,1.0,0.5,0.0,1.0,0.0,0.0,1.0,0.0,1.0,0.0
101,0.0579710144927536,1.0,0.0,1.0,0.5,0.0,1.0,0.0,0.0,1.0,0.0,1.0,0.0
102,0.10144927536231885,1.0,0.0,1.0,0.5,0.0,1.0,0.0,0.0,1.0,0.0,1.0,0.0
103,0.15942028985507245,1.0,0.5,1.0,0.0,0.0,1.0,0.0,1.0,1.0,1.0,1.0,0.0
104,0.10628019323671495,1.0,0.5,1.0,0.0,0.0,1.0,0.0,1.0,1.0,1.0,1.0,0.0
105,0.024154589371980673,1.0,0.5,0.5,0.5,0.0,0.0,0.0,0.0,1.0,0.0,0.0,0.0
106,0.14009661835748793,0.0,0.5,1.0,1.0,1.0,0.0,0.0,0.0,0.0,0.0,1.0,1.0
107,0.07246376811594202,1.0,0.5,0.25,1.0,0.0,0.0,0.5,0.0,1.0,0.0,0.0,1.0
108,0.13526570048309178,1.0,0.5,0.25,1.0,0.0,0.0,0.5,0.0,1.0,0.0,0.0,1.0
109,0.09178743961352653,1.0,0.5,0.25,1.0,0.0,0.0,0.5,0.0,1.0,0.0,0.0,1.0
110,0.03864734299516909,0.0,0.0,0.25,0.5,1.0,1.0,0.5,0.0,0.0,0.0,0.0,0.0
111,0.028985507246376774,0.0,1.0,0.5,0.5,1.0,0.0,1.0,0.0,0.0,1.0,1.0,0.0
112,0.1159420289855072,1.0,1.0,0.25,1.0,0.0,0.0,1.0,0.0,1.0,1.0,0.5,1.0
113,0.13043478260869562,0.5,1.0,0.0,0.0,0.0,0.0,1.0,1.0,0.0,1.0,0.0,0.0
114,0.1111111111111111,0.5,1.0,0.0,0.0,0.0,0.0,1.0,1.0,0.0,1.0,0.0,0.0
115,0.004830917874396101,0.5,1.0,1.0,0.5,0.0,0.0,0.0,0.0,0.0,1.0,1.0,0.0
116,0.06763285024154586,1.0,0.5,0.25,0.5,0.0,1.0,1.0,0.0,1.0,1.0,0.5,0.0
117,0.07729468599033817,1.0,0.5,0.25,0.5,0.0,1.0,1.0,0.0,1.0,1.0,0.5,0.0
118,0.1642512077294686,1.0,1.0,0.75,0.5,0.0,0.0,0.5,1.0,1.0,1.0,1.0,1.0
119,0.20772946859903385,0.5,0.0,0.25,0.5,1.0,1.0,1.0,1.0,1.0,0.0,0.5,1.0
120,0.19806763285024154,0.5,0.5,0.75,0.5,1.0,0.0,0.5,1.0,1.0,0.0,1.0,1.0
121,0.2125603864734299,0.5,1.0,0.0,0.5,1.0,0.0,1.0,1.0,1.0,1.0,0.0,1.0
122,0.08695652173913043,0.0,0.0,0.0,1.0,1.0,1.0,1.0,0.0,0.0,0.0,0.0,1.0
123,0.14492753623188404,0.0,1.0,1.0,1.0,1.0,0.0,0.0,0.0,0.0,1.0,1.0,1.0
124,0.19323671497584538,0.5,0.0,0.75,0.5,0.0,1.0,0.0,1.0,0.0,0.0,0.5,1.0
125,0.1111111111111111,0.0,0.5,0.75,0.0,1.0,0.0,0.5,1.0,0.0,0.0,1.0,0.0
126,0.14009661835748793,0.5,0.5,0.5,1.0,1.0,0.0,0.0,0.0,1.0,0.0,0.0,1.0
127,0.1111111111111111,0.5,0.0,0.25,1.0,0.0,1.0,1.0,0.0,0.0,0.0,0.5,1.0
128,0.2946859903381642,0.0,0.0,0.5,0.5,1.0,1.0,1.0,1.0,0.0,0.0,1.0,1.0
129,0.23188405797101452,0.5,0.5,1.0,0.5,1.0,0.0,0.0,1.0,1.0,0.0,1.0,1.0
130,0.14492753623188404,1.0,0.0,0.0,0.0,0.0,1.0,1.0,1.0,1.0,0.0,0.0,0.0
131,0.13526570048309178,0.5,0.5,0.5,0.0,0.0,1.0,0.0,1.0,0.0,1.0,0.0,0.0
132,0.1159420289855072,1.0,1.0,0.75,1.0,0.0,0.0,0.0,0.0,1.0,1.0,0.5,1.0
133,0.1159420289855072,0.0,0.0,0.75,0.0,1.0,1.0,0.5,1.0,0.0,0.0,1.0,0.0
134,0.1111111111111111,0.0,1.0,0.5,0.0,1.0,0.0,0.0,1.0,0.0,1.0,0.0,0.0
135,0.1159420289855072,1.0,0.0,0.5,0.0,0.0,1.0,0.0,1.0,1.0,0.0,0.0,0.0
136,0.1497584541062802,0.0,0.5,0.5,1.0,1.0,0.0,0.0,0.0,0.0,0.0,0.0,1.0
137,0.2850241545893719,1.0,1.0,0.5,0.5,0.0,0.0,0.0,1.0,1.0,1.0,0.0,1.0
138,0.10628019323671495,0.5,0.0,0.75,0.0,1.0,1.0,0.0,1.0,1.0,0.0,0.5,0.0
139,0.10144927536231885,0.0,0.5,0.0,0.0,1.0,1.0,1.0,1.0,0.0,1.0,0.0,0.0
140,0.17391304347826086,0.5,0.5,0.75,1.0,0.0,1.0,0.0,0.0,0.0,1.0,0.5,1.0
141,0.12077294685990336,0.5,1.0,0.0,0.5,1.0,0.0,1.0,0.0,1.0,1.0,0.0,0.0
142,0.03381642512077293,0.5,1.0,0.0,0.5,1.0,0.0,1.0,0.0,1.0,1.0,0.0,0.0
143,0.1545893719806763,1.0,1.0,0.25,0.0,0.0,0.0,0.5,1.0,1.0,1.0,0.0,0.0
144,0.1111111111111111,1.0,0.5,0.25,1.0,0.0,0.0,1.0,0.0,1.0,0.0,0.5,1.0
145,0.04347826086956519,1.0,0.0,0.0,0.5,0.0,1.0,1.0,0.0,1.0,0.0,0.0,0.0
146,0.1642512077294686,0.0,0.5,0.5,1.0,1.0,1.0,0.5,0.0,0.0,1.0,0.5,1.0
147,0.17391304347826086,0.0,0.5,0.25,0.0,1.0,1.0,0.5,1.0,0.0,1.0,0.0,0.0
148,0.14009661835748793,0.0,0.5,0.25,0.0,1.0,1.0,0.5,1.0,0.0,1.0,0.0,0.0
149,0.20772946859903385,0.0,0.5,0.0,0.5,1.0,0.0,1.0,1.0,0.0,0.0,0.0,1.0
150,0.09178743961352653,0.0,0.5,0.75,0.0,1.0,0.0,0.0,1.0,0.0,0.0,0.5,0.0
151,0.07246376811594202,0.0,0.5,0.75,0.0,1.0,0.0,0.0,1.0,0.0,0.0,0.5,0.0
152,0.13526570048309178,0.0,0.5,0.75,0.0,1.0,0.0,0.0,1.0,0.0,0.0,0.5,0.0
153,0.07729468599033817,0.0,0.5,0.75,0.5,1.0,1.0,0.5,0.0,0.0,1.0,1.0,0.0
154,0.06763285024154586,0.0,0.5,0.75,0.5,1.0,1.0,0.5,0.0,0.0,1.0,1.0,0.0
155,0.20772946859903385,1.0,0.5,1.0,0.5,0.0,0.0,0.0,1.0,1.0,0.0,1.0,1.0
156,0.12560386473429952,0.0,1.0,0.25,0.0,1.0,0.0,1.0,1.0,0.0,1.0,0.5,0.0
157,0.1159420289855072,0.0,1.0,0.25,0.0,1.0,0.0,1.0,1.0,0.0,1.0,0.5,0.0
158,0.18840579710144928,1.0,0.5,0.75,0.5,0.0,1.0,0.5,1.0,1.0,1.0,1.0,1.0
159,0.15942028985507245,1.0,0.5,0.75,0.5,0.0,1.0,0.5,1.0,1.0,1.0,1.0,1.0
160,0.1111111111111111,0.5,1.0,0.75,0.0,0.0,0.0,0.0,1.0,0.0,1.0,0.5,0.0
161,0.1111111111111111,0.5,0.5,0.25,1.0,1.0,0.0,0.5,0.0,1.0,0.0,0.0,1.0
162,0.09178743961352653,0.5,0.5,0.25,1.0,1.0,0.0,0.5,0.0,1.0,0.0,0.0,1.0
163,0.08695652173913043,0.5,0.5,0.25,1.0,1.0,0.0,0.5,0.0,1.0,0.0,0.0,1.0
164,0.12077294685990336,0.5,0.5,0.25,1.0,1.0,0.0,0.5,0.0,1.0,0.0,0.0,1.0
165,0.1642512077294686,1.0,0.5,0.75,0.0,0.0,1.0,0.5,1.0,1.0,1.0,1.0,0.0
166,0.14492753623188404,0.5,1.0,0.25,0.0,1.0,0.0,0.5,1.0,1.0,1.0,0.0,0.0
167,0.17391304347826086,0.5,1.0,0.25,0.0,1.0,0.0,0.5,1.0,1.0,1.0,0.0,0.0
168,0.13043478260869562,1.0,0.0,0.25,1.0,0.0,1.0,0.5,0.0,1.0,0.0,0.0,1.0
169,0.1159420289855072,1.0,0.0,0.25,1.0,0.0,1.0,0.5,0.0,1.0,0.0,0.0,1.0
170,0.06280193236714976,1.0,1.0,0.5,0.0,0.0,0.0,1.0,1.0,1.0,1.0,1.0,0.0
171,0.1690821256038647,0.5,0.5,0.0,1.0,0.0,1.0,1.0,0.0,0.0,1.0,0.0,1.0
172,0.1642512077294686,1.0,0.5,0.75,0.5,0.0,1.0,0.0,1.0,1.0,1.0,0.5,1.0
173,0.14492753623188404,1.0,0.5,0.75,0.5,0.0,1.0,0.0,1.0,1.0,1.0,0.5,1.0
174,0.19323671497584538,0.5,0.5,0.75,0.5,1.0,1.0,0.5,1.0,1.0,1.0,1.0,1.0
175,0.25120772946859904,0.5,0.0,0.5,0.5,1.0,1.0,1.0,1.0,1.0,0.0,1.0,1.0
176,0.13043478260869562,0.0,0.5,0.0,0.0,1.0,0.0,1.0,1.0,0.0,0.0,0.0,0.0
177,0.08212560386473428,0.5,0.5,1.0,0.5,0.0,0.0,0.0,0.0,0.0,0.0,1.0,0.0
178,0.18840579710144928,0.5,1.0,0.5,1.0,0.0,0.0,0.0,0.0,0.0,1.0,0.0,1.0
179,0.1690821256038647,0.0,0.5,0.75,1.0,1.0,1.0,0.5,0.0,0.0,1.0,1.0,1.0
180,0.1545893719806763,0.5,0.0,0.5,0.0,0.0,1.0,1.0,1.0,0.0,0.0,1.0,0.0
181,0.1642512077294686,0.5,0.0,0.5,0.0,0.0,1.0,1.0,1.0,0.0,0.0,1.0,0.0
182,0.10628019323671495,0.5,0.0,0.5,0.0,0.0,1.0,1.0,1.0,0.0,0.0,1.0,0.0
183,0.06763285024154586,1.0,1.0,0.0,0.5,0.0,0.0,1.0,0.0,1.0,1.0,0.0,0.0
184,0.17874396135265697,0.0,0.0,1.0,1.0,1.0,1.0,0.0,0.0,0.0,0.0,1.0,1.0
185,0.12560386473429952,0.5,0.5,0.25,0.0,0.0,0.0,1.0,1.0,0.0,0.0,0.5,0.0
186,0.14009661835748793,1.0,1.0,0.5,1.0,0.0,0.0,0.5,0.0,1.0,1.0,0.5,1.0
187,0.06280193236714976,0.5,0.5,1.0,0.5,0.0,1.0,0.0,0.0,0.0,1.0,1.0,0.0
188,0.04347826086956519,0.5,0.5,1.0,0.5,0.0,1.0,0.0,0.0,0.0,1.0,1.0,0.0
189,0.08212560386473428,0.0,0.5,0.5,0.0,1.0,0.0,0.0,1.0,0.0,0.0,0.0,0.0
190,0.14492753623188404,0.0,0.5,0.5,0.0,1.0,0.0,0.0,1.0,0.0,0.0,0.0,0.0
191,0.08695652173913043,0.5,0.5,1.0,0.0,0.0,0.0,0.0,1.0,0.0,0.0,1.0,0.0
192,0.08695652173913043,1.0,0.5,0.5,0.5,0.0,1.0,0.5,0.0,1.0,1.0,0.5,0.0
193,0.13043478260869562,0.5,1.0,0.0,1.0,1.0,0.0,1.0,0.0,1.0,1.0,0.0,1.0
194,0.12560386473429952,0.5,1.0,0.0,1.0,1.0,0.0,1.0,0.0,1.0,1.0,0.0,1.0
195,0.08695652173913043,1.0,1.0,1.0,0.0,0.0,0.0,0.0,1.0,1.0,1.0,1.0,0.0
196,0.23188405797101452,1.0,0.5,0.25,0.5,0.0,0.0,1.0,1.0,1.0,0.0,0.5,1.0
197,0.2560386473429952,1.0,0.5,0.25,0.5,0.0,0.0,1.0,1.0,1.0,0.0,0.5,1.0
198,1.0,0.5,0.5,0.25,0.5,1.0,0.0,0.5,1.0,1.0,0.0,0.0,1.0
199,0.1642512077294686,0.5,0.0,0.75,0.0,0.0,1.0,0.5,1.0,0.0,0.0,1.0,0.0
200,0.12077294685990336,1.0,1.0,0.25,0.5,0.0,0.0,1.0,0.0,1.0,1.0,0.5,0.0
201,0.09661835748792269,1.0,1.0,0.25,0.5,0.0,0.0,1.0,0.0,1.0,1.0,0.5,0.0
202,0.2125603864734299,0.0,1.0,0.5,0.5,1.0,0.0,1.0,1.0,0.0,1.0,1.0,1.0
203,0.07729468599033817,0.5,0.0,0.25,0.5,1.0,1.0,0.5,0.0,1.0,0.0,0.0,0.0
204,0.04347826086956519,0.0,0.5,0.75,0.5,1.0,0.0,0.0,0.0,0.0,0.0,0.5,0.0
205,0.23188405797101452,0.5,0.5,0.0,0.5,0.0,0.0,1.0,1.0,0.0,0.0,0.0,1.0
206,0.1111111111111111,0.5,1.0,0.75,1.0,1.0,0.0,0.5,0.0,1.0,1.0,1.0,1.0
207,0.09661835748792269,0.5,1.0,0.75,1.0,1.0,0.0,0.5,0.0,1.0,1.0,1.0,1.0
208,0.06763285024154586,1.0,0.5,0.5,1.0,0.0,0.0,0.5,0.0,1.0,0.0,0.5,1.0
209,0.1159420289855072,1.0,0.5,0.5,1.0,0.0,0.0,0.5,0.0,1.0,0.0,0.5,1.0
210,0.2125603864734299,1.0,0.0,0.5,0.5,0.0,1.0,1.0,1.0,1.0,0.0,1.0,1.0
211,0.06280193236714976,0.5,0.5,0.25,0.5,0.0,1.0,1.0,0.0,0.0,1.0,0.5,0.0
212,0.048309178743961345,0.5,0.5,0.25,0.5,0.0,1.0,1.0,0.0,0.0,1.0,0.5,0.0
213,0.13043478260869562,0.5,1.0,0.0,1.0,0.0,0.0,1.0,0.0,0.0,1.0,0.0,1.0
214,0.15942028985507245,0.5,0.0,0.25,0.5,0.0,1.0,0.5,1.0,0.0,0.0,0.0,1.0
215,0.1497584541062802,1.0,0.5,0.5,0.0,0.0,0.0,0.0,1.0,1.0,0.0,0.0,0.0
216,0.08695652173913043,0.0,0.5,0.25,0.0,1.0,0.0,1.0,1.0,0.0,0.0,0.5,0.0
217,0.1642512077294686,1.0,0.5,0.5,0.0,0.0,1.0,0.5,1.0,1.0,1.0,0.5,0.0
218,0.024154589371980673,1.0,0.0,0.75,0.5,0.0,1.0,0.0,0.0,1.0,0.0,0.5,0.0
219,0.13043478260869562,1.0,1.0,0.5,0.0,0.0,0.0,0.0,1.0,1.0,1.0,0.0,0.0
220,0.14492753623188404,1.0,1.0,0.5,0.0,0.0,0.0,0.0,1.0,1.0,1.0,0.0,0.0
221,0.13526570048309178,1.0,1.0,0.5,0.0,0.0,0.0,0.0,1.0,1.0,1.0,0.0,0.0
222,0.14009661835748793,1.0,1.0,0.5,0.0,0.0,0.0,0.0,1.0,1.0,1.0,0.0,0.0
223,0.09661835748792269,0.5,0.0,0.25,0.0,1.0,1.0,1.0,1.0,1.0,0.0,0.5,0.0
224,0.1111111111111111,0.5,0.0,0.25,0.0,1.0,1.0,1.0,1.0,1.0,0.0,0.5,0.0
225,0.024154589371980673,0.0,0.5,0.5,0.5,1.0,0.0,0.0,0.0,0.0,0.0,0.0,0.0
226,0.028985507246376774,0.5,0.0,0.5,0.5,1.0,1.0,0.5,0.0,1.0,0.0,0.5,0.0
227,0.04347826086956519,0.5,0.0,0.5,0.5,1.0,1.0,0.5,0.0,1.0,0.0,0.5,0.0
228,0.0579710144927536,0.5,0.0,0.5,0.5,1.0,1.0,0.5,0.0,1.0,0.0,0.5,0.0
229,0.23188405797101452,0.5,0.5,1.0,0.5,0.0,0.0,0.0,1.0,0.0,0.0,1.0,1.0
230,0.028985507246376774,0.5,0.0,0.75,0.5,1.0,1.0,0.5,0.0,1.0,0.0,1.0,0.0
231,0.03381642512077293,0.5,0.0,0.75,0.5,1.0,1.0,0.5,0.0,1.0,0.0,1.0,0.0
232,0.1690821256038647,0.5,0.5,1.0,0.0,0.0,1.0,0.0,1.0,0.0,1.0,1.0,0.0
233,0.12077294685990336,1.0,0.5,0.0,1.0,0.0,1.0,1.0,0.0,1.0,1.0,0.0,1.0
234,0.1690821256038647,0.5,1.0,1.0,0.5,1.0,0.0,0.0,1.0,1.0,1.0,1.0,1.0
235,0.2125603864734299,0.5,1.0,1.0,0.5,1.0,0.0,0.0,1.0,1.0,1.0,1.0,1.0
236,0.27053140096618356,0.5,1.0,1.0,0.5,1.0,0.0,0.0,1.0,1.0,1.0,1.0,1.0
237,0.06763285024154586,0.0,0.0,0.0,0.0,1.0,1.0,1.0,1.0,0.0,0.0,0.0,0.0
238,0.14009661835748793,0.0,0.0,0.0,0.0,1.0,1.0,1.0,1.0,0.0,0.0,0.0,0.0
239,0.13043478260869562,1.0,0.5,1.0,1.0,0.0,0.0,0.0,0.0,1.0,0.0,1.0,1.0
240,0.15942028985507245,1.0,0.0,1.0,1.0,0.0,1.0,0.0,0.0,1.0,0.0,1.0,1.0
241,0.1111111111111111,1.0,0.0,1.0,1.0,0.0,1.0,0.0,0.0,1.0,0.0,1.0,1.0
242,0.2125603864734299,0.5,0.0,0.75,0.5,1.0,1.0,0.0,1.0,1.0,0.0,0.5,1.0
243,0.3526570048309179,0.5,0.0,0.75,0.5,1.0,1.0,0.0,1.0,1.0,0.0,0.5,1.0
244,0.17874396135265697,0.0,0.0,1.0,0.0,1.0,1.0,0.0,1.0,0.0,0.0,1.0,0.0
245,0.1642512077294686,0.5,1.0,0.25,1.0,0.0,0.0,1.0,0.0,0.0,1.0,0.5,1.0
246,0.03864734299516909,0.0,0.0,0.5,0.5,1.0,1.0,0.0,0.0,0.0,0.0,0.0,0.0
247,0.1111111111111111,1.0,1.0,0.5,1.0,0.0,0.0,0.0,0.0,1.0,1.0,0.0,1.0
248,0.0579710144927536,0.0,1.0,0.0,0.5,1.0,0.0,1.0,0.0,0.0,1.0,0.0,0.0
249,0.10144927536231885,0.0,1.0,0.0,0.5,1.0,0.0,1.0,0.0,0.0,1.0,0.0,0.0
250,0.04347826086956519,0.0,1.0,0.0,0.5,1.0,0.0,1.0,0.0,0.0,1.0,0.0,0.0
251,0.09178743961352653,0.0,0.5,0.25,0.5,1.0,1.0,1.0,0.0,0.0,1.0,0.5,0.0
252,0.0579710144927536,0.0,0.5,0.25,0.5,1.0,1.0,1.0,0.0,0.0,1.0,0.5,0.0
253,0.19323671497584538,0.5,0.5,0.25,0.0,1.0,1.0,1.0,1.0,1.0,1.0,0.5,0.0
254,0.04347826086956519,0.5,0.5,0.0,0.5,0.0,1.0,1.0,0.0,0.0,1.0,0.0,0.0
255,0.06280193236714976,0.5,0.5,0.0,0.5,0.0,1.0,1.0,0.0,0.0,1.0,0.0,0.0
256,0.1642512077294686,0.0,0.5,0.5,0.0,1.0,1.0,0.0,1.0,0.0,1.0,0.0,0.0
257,0.03381642512077293,1.0,0.5,0.5,0.5,0.0,1.0,0.0,0.0,1.0,1.0,0.0,0.0
258,0.15942028985507245,0.5,1.0,0.75,0.5,0.0,0.0,0.0,1.0,0.0,1.0,0.5,1.0
259,0.14009661835748793,0.5,0.5,0.75,0.0,0.0,1.0,0.5,1.0,0.0,1.0,1.0,0.0
260,0.004830917874396101,0.5,0.0,0.0,0.5,0.0,1.0,1.0,0.0,0.0,0.0,0.0,0.0
261,0.13043478260869562,0.0,0.5,0.75,0.0,1.0,1.0,0.5,1.0,0.0,1.0,1.0,0.0
262,0.1111111111111111,0.0,0.5,0.75,0.0,1.0,1.0,0.5,1.0,0.0,1.0,1.0,0.0
263,0.1690821256038647,1.0,0.5,0.25,0.0,0.0,1.0,1.0,1.0,1.0,1.0,0.5,0.0
264,0.1111111111111111,1.0,0.5,0.25,1.0,0.0,1.0,1.0,0.0,1.0,1.0,0.5,1.0
265,0.13043478260869562,1.0,0.5,0.25,1.0,0.0,1.0,1.0,0.0,1.0,1.0,0.5,1.0
266,0.09661835748792269,1.0,0.5,0.75,1.0,0.0,1.0,0.5,0.0,1.0,1.0,1.0,1.0
267,0.14009661835748793,1.0,0.5,0.75,1.0,0.0,1.0,0.5,0.0,1.0,1.0,1.0,1.0
268,0.19323671497584538,0.5,0.5,0.25,0.5,1.0,1.0,1.0,1.0,1.0,1.0,0.5,1.0
269,0.41062801932367143,1.0,1.0,0.0,0.5,0.0,0.0,1.0,1.0,1.0,1.0,0.0,1.0
270,0.2995169082125604,0.0,0.5,1.0,0.5,1.0,1.0,0.0,1.0,0.0,1.0,1.0,1.0
271,0.25120772946859904,0.0,0.5,1.0,0.5,1.0,1.0,0.0,1.0,0.0,1.0,1.0,1.0
272,0.07729468599033817,0.5,1.0,0.5,0.0,0.0,0.0,1.0,1.0,0.0,1.0,1.0,0.0
273,0.1111111111111111,0.5,0.5,0.25,0.5,1.0,0.0,0.5,0.0,1.0,0.0,0.0,0.0
274,0.18357487922705312,0.0,1.0,0.25,0.5,1.0,0.0,0.5,1.0,0.0,1.0,0.0,1.0
275,0.22705314009661837,1.0,0.0,0.5,0.5,0.0,1.0,0.0,1.0,1.0,0.0,0.0,1.0
276,0.08695652173913043,1.0,0.5,0.75,1.0,0.0,0.0,0.5,0.0,1.0,0.0,1.0,1.0
277,0.22705314009661837,0.0,1.0,0.0,0.5,1.0,0.0,1.0,1.0,0.0,1.0,0.0,1.0
278,0.17391304347826086,0.0,1.0,0.0,0.5,1.0,0.0,1.0,1.0,0.0,1.0,0.0,1.0
279,0.26086956521739124,1.0,0.5,1.0,0.5,0.0,1.0,0.0,1.0,1.0,1.0,1.0,1.0
280,0.27053140096618356,0.5,0.0,0.0,0.5,1.0,1.0,1.0,1.0,1.0,0.0,0.0,1.0
281,0.2125603864734299,0.5,0.0,0.0,0.5,1.0,1.0,1.0,1.0,1.0,0.0,0.0,1.0
282,0.1690821256038647,0.5,0.0,0.0,0.5,1.0,1.0,1.0,1.0,1.0,0.0,0.0,1.0
283,0.15942028985507245,0.0,0.5,0.5,0.5,1.0,0.0,0.0,1.0,0.0,0.0,0.0,1.0
284,0.2125603864734299,0.0,0.5,0.5,0.5,1.0,0.0,0.0,1.0,0.0,0.0,0.0,1.0
285,0.1497584541062802,1.0,0.5,0.5,0.0,0.0,0.0,0.5,1.0,1.0,0.0,0.5,0.0
286,0.06763285024154586,1.0,0.5,0.5,0.0,0.0,0.0,0.5,1.0,1.0,0.0,0.5,0.0
287,0.028985507246376774,0.5,1.0,0.75,0.5,0.0,0.0,0.0,0.0,0.0,1.0,0.5,0.0
288,0.17874396135265697,1.0,1.0,0.0,1.0,0.0,0.0,1.0,0.0,1.0,1.0,0.0,1.0
289,0.2850241545893719,0.0,0.0,0.5,0.5,1.0,1.0,0.0,1.0,0.0,0.0,0.0,1.0
290,0.22705314009661837,1.0,0.5,0.75,0.0,0.0,0.0,0.0,1.0,1.0,0.0,0.5,0.0
291,0.1690821256038647,1.0,0.5,0.75,0.0,0.0,0.0,0.0,1.0,1.0,0.0,0.5,0.0
292,0.03381642512077293,0.0,0.5,0.5,0.5,1.0,1.0,0.0,0.0,0.0,1.0,0.0,0.0
293,0.053140096618357446,0.0,0.0,0.0,0.5,1.0,1.0,1.0,0.0,0.0,0.0,0.0,0.0
294,0.1642512077294686,1.0,0.5,0.5,1.0,0.0,1.0,0.0,0.0,1.0,1.0,0.0,1.0
295,0.2222222222222222,0.0,0.5,0.75,0.5,1.0,1.0,0.5,1.0,0.0,1.0,1.0,1.0
296,0.13526570048309178,0.5,0.5,0.5,1.0,0.0,1.0,0.0,0.0,0.0,1.0,0.0,1.0
297,0.1111111111111111,1.0,0.0,0.5,1.0,0.0,1.0,0.0,0.0,1.0,0.0,0.0,1.0
298,0.08695652173913043,0.5,0.5,0.75,0.0,1.0,0.0,0.0,1.0,1.0,0.0,0.5,0.0
299,0.12077294685990336,0.5,0.5,0.75,0.0,1.0,0.0,0.0,1.0,1.0,0.0,0.5,0.0
300,0.1111111111111111,0.5,0.5,0.75,0.0,1.0,0.0,0.0,1.0,1.0,0.0,0.5,0.0
301,0.09178743961352653,0.5,0.5,0.75,0.0,1.0,0.0,0.0,1.0,1.0,0.0,0.5,0.0
302,0.019323671497584516,1.0,0.0,0.5,0.5,0.0,1.0,0.5,0.0,1.0,0.0,0.5,0.0
303,0.1497584541062802,0.5,0.5,0.5,0.0,1.0,1.0,1.0,1.0,1.0,1.0,1.0,0.0
304,0.09178743961352653,0.0,0.5,0.75,0.0,1.0,1.0,0.0,1.0,0.0,1.0,0.5,0.0
305,0.1111111111111111,0.0,0.5,0.75,0.0,1.0,1.0,0.0,1.0,0.0,1.0,0.5,0.0
306,0.14009661835748793,0.0,0.0,0.5,0.0,1.0,1.0,0.5,1.0,0.0,0.0,0.5,0.0
307,0.053140096618357446,1.0,0.5,0.25,0.5,0.0,0.0,1.0,0.0,1.0,0.0,0.5,0.0
308,0.07729468599033817,1.0,0.5,0.25,0.5,0.0,0.0,1.0,0.0,1.0,0.0,0.5,0.0
309,0.024154589371980673,0.0,0.0,0.75,0.5,1.0,1.0,0.0,0.0,0.0,0.0,0.5,0.0
310,0.10144927536231885,1.0,0.0,0.0,1.0,0.0,1.0,1.0,0.0,1.0,0.0,0.0,1.0
311,0.17391304347826086,1.0,0.5,0.75,1.0,0.0,1.0,0.0,0.0,1.0,1.0,0.5,1.0
312,0.14009661835748793,1.0,0.5,0.75,1.0,0.0,1.0,0.0,0.0,1.0,1.0,0.5,1.0
313,0.028985507246376774,0.5,1.0,0.5,0.5,1.0,0.0,0.5,0.0,1.0,1.0,0.5,0.0
314,0.04347826086956519,0.5,1.0,0.5,0.5,1.0,0.0,0.5,0.0,1.0,1.0,0.5,0.0
315,0.0579710144927536,0.5,1.0,0.5,0.5,1.0,0.0,0.5,0.0,1.0,1.0,0.5,0.0
316,1.0,0.5,0.5,0.75,0.5,1.0,0.0,0.0,1.0,1.0,0.0,0.5,1.0
317,0.1111111111111111,0.0,0.0,0.25,0.5,1.0,1.0,1.0,0.0,0.0,0.0,0.5,0.0
318,0.10144927536231885,0.5,0.0,0.5,1.0,1.0,1.0,0.0,0.0,1.0,0.0,0.0,1.0
319,0.15942028985507245,0.0,0.5,0.25,0.5,1.0,1.0,1.0,1.0,0.0,1.0,0.5,1.0
320,0.18840579710144928,0.0,0.5,0.25,0.5,1.0,1.0,1.0,1.0,0.0,1.0,0.5,1.0
321,0.10628019323671495,1.0,0.0,0.75,0.0,0.0,1.0,0.5,1.0,1.0,0.0,1.0,0.0
322,0.07246376811594202,0.0,0.5,0.0,0.5,1.0,0.0,1.0,0.0,0.0,0.0,0.0,0.0
323,0.1497584541062802,0.5,0.5,1.0,1.0,0.0,0.0,0.0,0.0,0.0,0.0,1.0,1.0
324,0.12077294685990336,0.5,0.5,1.0,1.0,0.0,0.0,0.0,0.0,0.0,0.0,1.0,1.0
325,0.10628019323671495,0.5,1.0,0.5,1.0,0.0,0.0,1.0,0.0,0.0,1.0,1.0,1.0
326,0.1642512077294686,0.5,1.0,0.5,1.0,0.0,0.0,1.0,0.0,0.0,1.0,1.0,1.0
327,0.1545893719806763,0.5,1.0,0.5,1.0,0.0,0.0,1.0,0.0,0.0,1.0,1.0,1.0
328,0.1111111111111111,0.5,0.0,0.5,0.5,0.0,1.0,0.0,1.0,0.0,0.0,0.0,1.0
329,0.15942028985507245,0.5,0.0,0.5,0.5,0.0,1.0,0.0,1.0,0.0,0.0,0.0,1.0
330,0.1111111111111111,0.5,0.5,0.75,0.0,0.0,0.0,0.0,1.0,0.0,0.0,0.5,0.0
331,0.014492753623188415,0.5,0.0,0.5,0.5,0.0,1.0,0.0,0.0,0.0,0.0,0.0,0.0
332,0.048309178743961345,0.5,0.5,0.75,0.5,0.0,1.0,0.5,0.0,0.0,1.0,1.0,0.0
333,0.06280193236714976,0.5,0.5,0.75,0.5,0.0,1.0,0.5,0.0,0.0,1.0,1.0,0.0
334,0.03864734299516909,0.5,1.0,0.5,0.5,1.0,0.0,1.0,0.0,1.0,1.0,1.0,0.0
335,0.20772946859903385,0.5,1.0,0.75,0.5,1.0,0.0,0.5,1.0,1.0,1.0,1.0,1.0
336,0.14009661835748793,0.0,0.5,0.25,0.0,1.0,1.0,1.0,1.0,0.0,1.0,0.5,0.0
337,0.09661835748792269,0.0,0.5,0.25,0.0,1.0,1.0,1.0,1.0,0.0,1.0,0.5,0.0
338,0.1111111111111111,0.5,0.0,0.25,1.0,0.0,1.0,0.5,0.0,0.0,0.0,0.0,1.0
339,0.14009661835748793,0.5,0.5,0.5,0.0,1.0,0.0,0.0,1.0,1.0,0.0,0.0,0.0
340,0.3526570048309179,0.5,1.0,0.25,0.5,1.0,0.0,0.5,1.0,1.0,1.0,0.0,1.0
341,0.2125603864734299,0.5,1.0,0.25,0.5,1.0,0.0,0.5,1.0,1.0,1.0,0.0,1.0
342,0.09178743961352653,0.0,0.5,0.25,0.5,1.0,0.0,1.0,0.0,0.0,0.0,0.5,0.0
343,0.0579710144927536,0.0,0.5,0.25,0.5,1.0,0.0,1.0,0.0,0.0,0.0,0.5,0.0
344,0.014492753623188415,0.5,1.0,0.5,0.5,0.0,0.0,0.0,0.0,0.0,1.0,0.0,0.0
345,0.1111111111111111,0.5,0.5,0.75,0.5,1.0,0.0,0.0,0.0,1.0,0.0,0.5,0.0
346,0.1545893719806763,0.5,1.0,0.5,0.0,1.0,0.0,1.0,1.0,1.0,1.0,1.0,0.0
347,0.17874396135265697,1.0,1.0,0.0,0.0,0.0,0.0,1.0,1.0,1.0,1.0,0.0,0.0
348,0.1111111111111111,0.5,0.0,1.0,1.0,0.0,1.0,0.0,0.0,0.0,0.0,1.0,1.0
349,0.13043478260869562,0.5,0.0,1.0,1.0,0.0,1.0,0.0,0.0,0.0,0.0,1.0,1.0
350,0.06763285024154586,0.0,0.0,1.0,0.5,1.0,1.0,0.0,0.0,0.0,0.0,1.0,0.0
351,0.15942028985507245,0.5,1.0,0.5,0.5,0.0,0.0,0.0,1.0,0.0,1.0,0.0,1.0
352,0.1111111111111111,0.5,1.0,0.5,0.5,0.0,0.0,0.0,1.0,0.0,1.0,0.0,1.0
353,0.04347826086956519,0.0,1.0,1.0,0.5,1.0,0.0,0.0,0.0,0.0,1.0,1.0,0.0
354,0.03864734299516909,1.0,1.0,0.75,0.5,0.0,0.0,0.0,0.0,1.0,1.0,0.5,0.0
355,0.019323671497584516,0.0,1.0,0.5,0.5,1.0,0.0,0.5,0.0,0.0,1.0,0.5,0.0
356,0.19806763285024154,0.5,0.0,0.5,0.5,1.0,1.0,0.0,1.0,1.0,0.0,0.0,1.0
357,0.20772946859903385,0.5,0.0,0.5,0.5,1.0,1.0,0.0,1.0,1.0,0.0,0.0,1.0
358,0.2028985507246377,1.0,0.5,0.5,1.0,0.0,0.0,1.0,0.0,1.0,0.0,1.0,1.0
359,0.09661835748792269,0.5,0.0,0.0,1.0,1.0,1.0,1.0,0.0,1.0,0.0,0.0,1.0
360,0.15942028985507245,0.5,0.0,0.0,1.0,1.0,1.0,1.0,0.0,1.0,0.0,0.0,1.0
361,0.2560386473429952,0.5,1.0,1.0,0.5,0.0,0.0,0.0,1.0,0.0,1.0,1.0,1.0
362,0.2222222222222222,0.5,1.0,1.0,0.5,0.0,0.0,0.0,1.0,0.0,1.0,1.0,1.0
363,0.2125603864734299,0.5,0.0,1.0,0.5,1.0,1.0,0.0,1.0,1.0,0.0,1.0,1.0
364,0.12560386473429952,0.5,1.0,0.25,0.0,1.0,0.0,1.0,1.0,1.0,1.0,0.5,0.0
365,0.14492753623188404,0.0,0.5,0.25,0.5,1.0,1.0,0.5,1.0,0.0,1.0,0.0,1.0
366,0.1642512077294686,0.0,0.5,0.25,0.5,1.0,1.0,0.5,1.0,0.0,1.0,0.0,1.0
367,0.25120772946859904,0.0,0.5,0.75,0.5,1.0,1.0,0.0,1.0,0.0,1.0,0.5,1.0
368,0.08212560386473428,1.0,0.5,0.5,1.0,0.0,0.0,0.0,0.0,1.0,0.0,0.0,1.0
369,0.14492753623188404,1.0,0.5,0.5,1.0,0.0,0.0,0.0,0.0,1.0,0.0,0.0,1.0
370,0.2222222222222222,0.5,0.0,0.75,0.5,0.0,1.0,0.5,1.0,0.0,0.0,1.0,1.0
371,0.10144927536231885,0.5,0.5,0.75,1.0,1.0,1.0,0.0,0.0,1.0,1.0,0.5,1.0
372,0.1642512077294686,0.5,0.5,0.75,1.0,1.0,1.0,0.0,0.0,1.0,1.0,0.5,1.0
373,0.03864734299516909,1.0,0.5,0.5,0.5,0.0,0.0,1.0,0.0,1.0,0.0,1.0,0.0
374,0.13526570048309178,0.5,1.0,0.5,1.0,1.0,0.0,1.0,0.0,1.0,1.0,1.0,1.0
375,0.19806763285024154,1.0,0.0,0.5,0.5,0.0,1.0,0.5,1.0,1.0,0.0,0.5,1.0
376,0.1545893719806763,0.0,0.0,0.75,1.0,1.0,1.0,0.0,0.0,0.0,0.0,0.5,1.0
377,0.14009661835748793,0.0,0.0,0.5,1.0,1.0,1.0,0.0,0.0,0.0,0.0,0.0,1.0
378,0.14492753623188404,0.0,0.0,0.5,1.0,1.0,1.0,0.0,0.0,0.0,0.0,0.0,1.0
379,0.13526570048309178,0.0,0.0,0.5,1.0,1.0,1.0,0.0,0.0,0.0,0.0,0.0,1.0
380,0.13043478260869562,0.0,0.0,0.5,1.0,1.0,1.0,0.0,0.0,0.0,0.0,0.0,1.0
381,0.19806763285024154,0.5,1.0,0.5,0.5,1.0,0.0,0.0,1.0,1.0,1.0,0.0,1.0
382,0.20772946859903385,0.5,1.0,0.5,0.5,1.0,0.0,0.0,1.0,1.0,1.0,0.0,1.0
383,0.19323671497584538,0.5,0.5,0.75,1.0,1.0,1.0,0.5,0.0,1.0,1.0,1.0,1.0
384,0.1642512077294686,1.0,0.0,0.5,0.0,0.0,1.0,1.0,1.0,1.0,0.0,1.0,0.0
385,0.07246376811594202,0.5,1.0,0.25,0.5,1.0,0.0,0.5,0.0,1.0,1.0,0.0,0.0
386,0.014492753623188415,0.5,1.0,0.25,0.5,1.0,0.0,0.5,0.0,1.0,1.0,0.0,0.0
387,0.07729468599033817,0.5,1.0,0.75,0.5,1.0,0.0,0.0,0.0,1.0,1.0,0.5,0.0
388,0.10144927536231885,1.0,0.5,1.0,1.0,0.0,1.0,0.0,0.0,1.0,1.0,1.0,1.0
389,0.26086956521739124,0.0,0.5,0.0,0.5,1.0,1.0,1.0,1.0,0.0,1.0,0.0,1.0
390,0.0,0.5,0.5,0.25,0.5,0.0,0.0,0.5,0.0,0.0,0.0,0.0,0.0
391,0.024154589371980673,0.5,0.5,0.25,0.5,0.0,0.0,0.5,0.0,0.0,0.0,0.0,0.0
392,0.23671497584541057,0.5,0.0,0.25,0.5,1.0,1.0,0.5,1.0,1.0,0.0,0.0,1.0
393,0.20772946859903385,0.5,0.0,0.25,0.5,1.0,1.0,0.5,1.0,1.0,0.0,0.0,1.0
394,0.32367149758454106,0.5,0.0,0.25,0.5,1.0,1.0,0.5,1.0,1.0,0.0,0.0,1.0
395,0.2560386473429952,0.0,0.5,0.75,0.5,1.0,0.0,0.5,1.0,0.0,0.0,1.0,1.0
396,0.23188405797101452,0.0,0.5,0.75,0.5,1.0,0.0,0.5,1.0,0.0,0.0,1.0,1.0
397,0.14009661835748793,1.0,0.5,0.0,0.0,0.0,0.0,1.0,1.0,1.0,0.0,0.0,0.0
398,0.1159420289855072,0.0,1.0,0.5,1.0,1.0,0.0,0.0,0.0,0.0,1.0,0.0,1.0
399,0.17391304347826086,1.0,0.0,1.0,0.5,0.0,1.0,0.0,1.0,1.0,0.0,1.0,1.0
400,0.22705314009661837,1.0,0.0,1.0,0.5,0.0,1.0,0.0,1.0,1.0,0.0,1.0,1.0
401,0.23671497584541057,0.5,0.0,0.25,0.5,0.0,1.0,1.0,1.0,0.0,0.0,0.5,1.0
402,0.41062801932367143,0.0,0.0,1.0,0.5,1.0,1.0,0.0,1.0,0.0,0.0,1.0,1.0
403,0.1545893719806763,0.5,0.5,0.5,1.0,1.0,1.0,0.5,0.0,1.0,1.0,0.5,1.0
404,0.1111111111111111,0.0,1.0,0.0,0.0,1.0,0.0,1.0,1.0,0.0,1.0,0.0,0.0
405,0.15942028985507245,0.0,1.0,0.0,0.0,1.0,0.0,1.0,1.0,0.0,1.0,0.0,0.0
406,0.07729468599033817,1.0,0.5,0.5,0.5,0.0,0.0,0.5,0.0,1.0,0.0,0.5,0.0
407,0.009661835748792258,1.0,0.5,0.5,0.5,0.0,0.0,0.5,0.0,1.0,0.0,0.5,0.0
408,0.08212560386473428,0.5,1.0,0.75,1.0,0.0,0.0,0.0,0.0,0.0,1.0,0.5,1.0
409,0.12560386473429952,0.5,1.0,0.75,1.0,0.0,0.0,0.0,0.0,0.0,1.0,0.5,1.0
410,0.07729468599033817,0.0,0.5,0.0,0.5,1.0,1.0,1.0,0.0,0.0,1.0,0.0,0.0
411,0.06763285024154586,0.0,0.5,0.0,0.5,1.0,1.0,1.0,0.0,0.0,1.0,0.0,0.0
412,0.03381642512077293,0.0,0.5,0.0,0.5,1.0,1.0,1.0,0.0,0.0,1.0,0.0,0.0
413,0.12077294685990336,0.5,0.5,0.0,0.0,0.0,0.0,1.0,1.0,0.0,0.0,0.0,0.0
414,0.1497584541062802,0.5,0.5,0.0,0.0,0.0,0.0,1.0,1.0,0.0,0.0,0.0,0.0
415,0.09661835748792269,0.0,0.0,0.75,0.5,1.0,1.0,0.5,0.0,0.0,0.0,1.0,0.0
416,0.12077294685990336,0.0,0.0,0.75,0.5,1.0,1.0,0.5,0.0,0.0,0.0,1.0,0.0
417,0.1159420289855072,0.0,0.0,0.25,0.0,1.0,1.0,0.5,1.0,0.0,0.0,0.0,0.0
418,0.10144927536231885,1.0,0.0,0.25,0.0,0.0,1.0,1.0,1.0,1.0,0.0,0.5,0.0
419,0.024154589371980673,0.0,1.0,0.25,0.5,1.0,0.0,0.5,0.0,0.0,1.0,0.0,0.0
420,0.17874396135265697,0.0,1.0,0.25,0.5,1.0,0.0,1.0,1.0,0.0,1.0,0.5,1.0
421,0.20772946859903385,0.0,1.0,0.25,0.5,1.0,0.0,1.0,1.0,0.0,1.0,0.5,1.0
422,0.12560386473429952,0.5,0.5,0.0,0.0,0.0,1.0,1.0,1.0,0.0,1.0,0.0,0.0
423,0.13043478260869562,0.5,0.5,0.0,0.0,0.0,1.0,1.0,1.0,0.0,1.0,0.0,0.0
424,0.08695652173913043,0.5,0.0,0.5,0.0,0.0,1.0,0.5,1.0,0.0,0.0,0.5,0.0
425,0.08695652173913043,0.0,1.0,0.75,0.5,1.0,0.0,0.0,0.0,0.0,1.0,0.5,0.0
426,0.22705314009661837,0.5,0.5,0.0,0.5,1.0,1.0,1.0,1.0,1.0,1.0,0.0,1.0
427,0.21739130434782605,0.5,0.5,0.0,0.5,1.0,1.0,1.0,1.0,1.0,1.0,0.0,1.0
428,0.19323671497584538,0.5,0.5,0.0,0.5,1.0,1.0,1.0,1.0,1.0,1.0,0.0,1.0
429,0.23188405797101452,0.5,0.5,0.0,0.5,1.0,0.0,1.0,1.0,1.0,0.0,0.0,1.0
430,0.13043478260869562,0.5,0.0,1.0,0.0,0.0,1.0,0.0,1.0,0.0,0.0,1.0,0.0
431,0.3719806763285024,1.0,0.5,0.5,0.5,0.0,1.0,0.5,1.0,1.0,1.0,0.5,1.0
432,0.1111111111111111,0.0,0.5,0.5,1.0,1.0,0.0,1.0,0.0,0.0,0.0,1.0,1.0
433,0.2222222222222222,0.5,1.0,0.25,0.5,0.0,0.0,1.0,1.0,0.0,1.0,0.5,1.0
434,0.04347826086956519,1.0,0.5,0.25,0.5,0.0,0.0,0.5,0.0,1.0,0.0,0.0,0.0
435,0.08212560386473428,0.5,0.5,0.25,0.5,0.0,1.0,0.5,0.0,0.0,1.0,0.0,0.0
436,0.12560386473429952,0.5,0.0,0.75,1.0,1.0,1.0,0.5,0.0,1.0,0.0,1.0,1.0
437,0.1642512077294686,0.0,0.5,0.25,1.0,1.0,1.0,1.0,0.0,0.0,1.0,0.5,1.0
438,0.06280193236714976,0.0,0.0,0.5,1.0,1.0,1.0,1.0,0.0,0.0,0.0,1.0,1.0
439,0.028985507246376774,0.5,0.0,0.25,0.5,0.0,1.0,0.5,0.0,0.0,0.0,0.0,0.0
440,0.22705314009661837,0.0,1.0,0.5,0.5,1.0,0.0,0.0,1.0,0.0,1.0,0.0,1.0
441,0.1497584541062802,0.5,0.5,0.5,1.0,1.0,1.0,1.0,0.0,1.0,1.0,1.0,1.0
442,0.13526570048309178,1.0,0.0,1.0,0.0,0.0,1.0,0.0,1.0,1.0,0.0,1.0,0.0
443,0.12560386473429952,0.5,0.0,0.25,0.0,0.0,1.0,0.5,1.0,0.0,0.0,0.0,0.0
444,0.08212560386473428,0.5,0.0,0.25,0.0,0.0,1.0,0.5,1.0,0.0,0.0,0.0,0.0
445,0.03864734299516909,1.0,1.0,0.5,0.5,0.0,0.0,0.0,0.0,1.0,1.0,0.0,0.0
446,0.19323671497584538,0.5,1.0,0.25,0.5,0.0,0.0,0.5,1.0,0.0,1.0,0.0,1.0
447,0.06763285024154586,1.0,1.0,1.0,1.0,0.0,0.0,0.0,0.0,1.0,1.0,1.0,1.0
448,0.14009661835748793,1.0,1.0,1.0,1.0,0.0,0.0,0.0,0.0,1.0,1.0,1.0,1.0
449,0.08212560386473428,0.5,0.5,0.75,0.5,0.0,1.0,0.0,0.0,0.0,1.0,0.5,0.0
450,0.06280193236714976,0.5,1.0,0.75,0.5,1.0,0.0,0.5,0.0,1.0,1.0,1.0,0.0
451,0.053140096618357446,1.0,0.0,0.75,0.5,0.0,1.0,0.5,0.0,1.0,0.0,1.0,0.0
452,0.15942028985507245,0.0,0.0,0.5,0.0,1.0,1.0,1.0,1.0,0.0,0.0,1.0,0.0
453,0.2028985507246377,0.0,0.0,0.5,0.0,1.0,1.0,1.0,1.0,0.0,0.0,1.0,0.0
454,0.024154589371980673,0.5,0.5,0.75,0.5,0.0,0.0,0.0,0.0,0.0,0.0,0.5,0.0
455,0.0,0.5,0.5,0.75,0.5,0.0,0.0,0.0,0.0,0.0,0.0,0.5,0.0
456,0.2028985507246377,0.0,0.5,0.5,0.0,1.0,0.0,1.0,1.0,0.0,0.0,1.0,0.0
457,0.06280193236714976,0.5,0.0,0.25,0.5,1.0,1.0,1.0,0.0,1.0,0.0,0.5,0.0
458,0.053140096618357446,0.0,1.0,0.25,0.5,1.0,0.0,1.0,0.0,0.0,1.0,0.5,0.0
459,0.23188405797101452,0.0,1.0,1.0,0.5,1.0,0.0,0.0,1.0,0.0,1.0,1.0,1.0
460,0.18840579710144928,0.0,1.0,1.0,0.5,1.0,0.0,0.0,1.0,0.0,1.0,1.0,1.0
461,0.13526570048309178,0.5,0.0,0.5,0.0,1.0,1.0,1.0,1.0,1.0,0.0,1.0,0.0
462,0.12560386473429952,0.5,0.5,0.75,1.0,0.0,0.0,0.5,0.0,0.0,0.0,1.0,1.0
463,0.07729468599033817,0.5,0.0,0.5,1.0,0.0,1.0,1.0,0.0,0.0,0.0,1.0,1.0
464,0.048309178743961345,0.0,0.5,0.75,0.5,1.0,1.0,0.0,0.0,0.0,1.0,0.5,0.0
465,0.10144927536231885,0.0,1.0,1.0,0.0,1.0,0.0,0.0,1.0,0.0,1.0,1.0,0.0
466,0.10144927536231885,0.0,1.0,0.75,1.0,1.0,0.0,0.5,0.0,0.0,1.0,1.0,1.0
467,0.08695652173913043,1.0,0.0,0.25,0.5,0.0,1.0,0.5,0.0,1.0,0.0,0.0,0.0
468,0.1111111111111111,0.0,0.0,0.5,0.0,1.0,1.0,0.0,1.0,0.0,0.0,0.0,0.0
469,0.1111111111111111,1.0,0.5,0.5,0.0,0.0,0.0,1.0,1.0,1.0,0.0,1.0,0.0
