,pair_duration,c2-c1,h2-h1,i2-i1,n2-n1,c1,h1,i1,n1,c2,h2,i2,n2
0,0.12077294685990336,0.5,0.0,1.0,1.0,1.0,1.0,0.0,0.0,1.0,0.0,1.0,1.0
1,0.14009661835748793,0.5,0.0,1.0,1.0,1.0,1.0,0.0,0.0,1.0,0.0,1.0,1.0
2,0.09661835748792269,0.5,0.0,1.0,1.0,1.0,1.0,0.0,0.0,1.0,0.0,1.0,1.0
3,0.1111111111111111,0.5,0.0,1.0,1.0,1.0,1.0,0.0,0.0,1.0,0.0,1.0,1.0
4,0.048309178743961345,1.0,0.5,0.25,0.5,0.0,1.0,0.5,0.0,1.0,1.0,0.0,0.0
5,0.028985507246376774,0.5,0.0,0.75,0.5,1.0,1.0,0.0,0.0,1.0,0.0,0.5,0.0
6,0.24154589371980673,0.5,0.5,0.75,0.5,0.0,0.0,0.0,1.0,0.0,0.0,0.5,1.0
7,0.2125603864734299,0.5,0.5,0.75,0.5,0.0,0.0,0.0,1.0,0.0,0.0,0.5,1.0
8,0.2028985507246377,0.5,0.5,0.75,0.5,0.0,0.0,0.0,1.0,0.0,0.0,0.5,1.0
9,0.21739130434782605,0.5,0.5,0.75,0.5,0.0,0.0,0.0,1.0,0.0,0.0,0.5,1.0
10,0.14492753623188404,0.5,0.5,0.75,0.5,0.0,0.0,0.0,1.0,0.0,0.0,0.5,1.0
11,0.23671497584541057,0.5,1.0,0.75,0.5,0.0,0.0,0.5,1.0,0.0,1.0,1.0,1.0
12,0.2125603864734299,0.5,1.0,0.75,0.5,0.0,0.0,0.5,1.0,0.0,1.0,1.0,1.0
13,0.14009661835748793,0.5,1.0,0.75,0.5,0.0,0.0,0.5,1.0,0.0,1.0,1.0,1.0
14,0.27053140096618356,0.5,1.0,0.25,1.0,1.0,0.0,1.0,0.0,1.0,1.0,0.5,1.0
15,0.04347826086956519,0.5,1.0,0.25,1.0,1.0,0.0,1.0,0.0,1.0,1.0,0.5,1.0
16,0.10628019323671495,0.5,1.0,0.25,1.0,1.0,0.0,1.0,0.0,1.0,1.0,0.5,1.0
17,0.2028985507246377,0.5,1.0,0.25,1.0,1.0,0.0,0.5,0.0,1.0,1.0,0.0,1.0
18,0.1497584541062802,0.5,1.0,0.25,1.0,1.0,0.0,0.5,0.0,1.0,1.0,0.0,1.0
19,0.1690821256038647,0.5,1.0,0.25,1.0,1.0,0.0,0.5,0.0,1.0,1.0,0.0,1.0
20,0.09661835748792269,0.5,1.0,0.25,1.0,1.0,0.0,0.5,0.0,1.0,1.0,0.0,1.0
21,0.14492753623188404,0.5,0.5,0.5,0.0,1.0,1.0,0.5,1.0,1.0,1.0,0.5,0.0
22,0.10144927536231885,0.5,0.5,0.5,0.0,1.0,1.0,0.5,1.0,1.0,1.0,0.5,0.0
23,0.14009661835748793,0.5,0.5,0.5,0.0,1.0,1.0,0.5,1.0,1.0,1.0,0.5,0.0
24,0.09178743961352653,0.0,0.5,0.25,1.0,1.0,0.0,0.5,0.0,0.0,0.0,0.0,1.0
25,0.10144927536231885,0.5,1.0,0.5,0.0,0.0,0.0,0.0,1.0,0.0,1.0,0.0,0.0
26,0.03864734299516909,1.0,1.0,1.0,0.5,0.0,0.0,0.0,0.0,1.0,1.0,1.0,0.0
27,0.14009661835748793,0.0,0.5,0.0,1.0,1.0,1.0,1.0,0.0,0.0,1.0,0.0,1.0
28,0.18357487922705312,1.0,0.0,0.75,0.5,0.0,1.0,0.0,1.0,1.0,0.0,0.5,1.0
29,0.28019323671497587,1.0,0.0,0.75,0.5,0.0,1.0,0.0,1.0,1.0,0.0,0.5,1.0
30,0.1642512077294686,1.0,0.0,0.75,0.5,0.0,1.0,0.0,1.0,1.0,0.0,0.5,1.0
31,0.19806763285024154,1.0,0.0,0.75,0.5,0.0,1.0,0.0,1.0,1.0,0.0,0.5,1.0
32,0.1111111111111111,0.5,0.0,0.5,0.0,1.0,1.0,0.5,1.0,1.0,0.0,0.5,0.0
33,0.10628019323671495,0.5,0.5,0.5,0.0,1.0,1.0,0.0,1.0,1.0,1.0,0.0,0.0
34,0.24154589371980673,0.5,0.5,0.5,0.0,1.0,1.0,0.0,1.0,1.0,1.0,0.0,0.0
35,0.2125603864734299,0.5,0.5,0.5,0.0,1.0,1.0,0.0,1.0,1.0,1.0,0.0,0.0
36,0.18840579710144928,0.5,0.5,0.5,0.0,1.0,1.0,0.0,1.0,1.0,1.0,0.0,0.0
37,0.1642512077294686,0.5,0.5,0.5,0.0,1.0,1.0,0.0,1.0,1.0,1.0,0.0,0.0
38,0.08695652173913043,0.5,0.0,0.5,1.0,1.0,1.0,1.0,0.0,1.0,0.0,1.0,1.0
39,0.17874396135265697,0.5,0.0,0.5,1.0,1.0,1.0,1.0,0.0,1.0,0.0,1.0,1.0
40,0.14492753623188404,0.5,0.0,0.5,1.0,1.0,1.0,1.0,0.0,1.0,0.0,1.0,1.0
41,0.1545893719806763,0.5,0.0,0.5,1.0,1.0,1.0,1.0,0.0,1.0,0.0,1.0,1.0
42,0.1497584541062802,0.5,0.0,0.5,1.0,1.0,1.0,1.0,0.0,1.0,0.0,1.0,1.0
43,0.20772946859903385,0.0,0.5,0.0,0.5,1.0,0.0,1.0,1.0,0.0,0.0,0.0,1.0
44,0.21739130434782605,0.0,1.0,0.5,0.0,1.0,0.0,0.5,1.0,0.0,1.0,0.5,0.0
45,0.08212560386473428,0.0,1.0,0.5,0.0,1.0,0.0,0.5,1.0,0.0,1.0,0.5,0.0
46,0.1545893719806763,1.0,0.5,0.25,1.0,0.0,1.0,0.5,0.0,1.0,1.0,0.0,1.0
47,0.18357487922705312,0.0,0.5,1.0,0.0,1.0,1.0,0.0,1.0,0.0,1.0,1.0,0.0
48,0.12077294685990336,0.0,0.5,1.0,0.0,1.0,1.0,0.0,1.0,0.0,1.0,1.0,0.0
49,0.09661835748792269,0.0,0.5,0.25,1.0,1.0,0.0,1.0,0.0,0.0,0.0,0.5,1.0
50,0.12077294685990336,0.0,0.5,0.25,1.0,1.0,0.0,1.0,0.0,0.0,0.0,0.5,1.0
51,0.09661835748792269,0.5,1.0,0.75,0.0,0.0,0.0,0.5,1.0,0.0,1.0,1.0,0.0
52,0.0579710144927536,1.0,0.5,0.75,0.5,0.0,1.0,0.5,0.0,1.0,1.0,1.0,0.0
53,0.06763285024154586,1.0,0.5,0.75,0.5,0.0,1.0,0.5,0.0,1.0,1.0,1.0,0.0
54,0.07246376811594202,0.5,0.0,0.25,0.5,1.0,1.0,1.0,0.0,1.0,0.0,0.5,0.0
55,0.053140096618357446,0.5,0.0,0.25,0.5,1.0,1.0,1.0,0.0,1.0,0.0,0.5,0.0
56,0.1111111111111111,0.5,1.0,0.75,1.0,1.0,0.0,0.5,0.0,1.0,1.0,1.0,1.0
57,0.17874396135265697,0.5,1.0,0.5,1.0,0.0,0.0,0.5,0.0,0.0,1.0,0.5,1.0
58,0.15942028985507245,0.5,1.0,0.5,1.0,0.0,0.0,0.5,0.0,0.0,1.0,0.5,1.0
59,0.09178743961352653,0.5,1.0,0.5,1.0,0.0,0.0,0.5,0.0,0.0,1.0,0.5,1.0
60,0.1497584541062802,0.5,0.5,0.5,1.0,1.0,1.0,0.5,0.0,1.0,1.0,0.5,1.0
61,0.1545893719806763,0.5,0.5,0.5,1.0,1.0,1.0,0.5,0.0,1.0,1.0,0.5,1.0
62,0.18840579710144928,0.5,0.5,0.75,0.0,1.0,1.0,0.5,1.0,1.0,1.0,1.0,0.0
63,0.20772946859903385,0.0,0.5,0.25,1.0,1.0,1.0,1.0,0.0,0.0,1.0,0.5,1.0
64,0.14492753623188404,0.0,0.5,0.25,1.0,1.0,1.0,1.0,0.0,0.0,1.0,0.5,1.0
65,0.12077294685990336,0.5,0.5,0.25,0.0,0.0,1.0,0.5,1.0,0.0,1.0,0.0,0.0
66,0.1159420289855072,0.5,0.0,0.5,1.0,1.0,1.0,0.0,0.0,1.0,0.0,0.0,1.0
67,0.08212560386473428,0.0,0.5,1.0,0.0,1.0,0.0,0.0,1.0,0.0,0.0,1.0,0.0
68,0.18357487922705312,0.5,0.5,0.25,0.5,0.0,0.0,1.0,1.0,0.0,0.0,0.5,1.0
69,0.19806763285024154,0.5,0.5,0.25,0.5,0.0,0.0,1.0,1.0,0.0,0.0,0.5,1.0
70,0.2222222222222222,0.5,0.5,0.25,0.5,0.0,0.0,1.0,1.0,0.0,0.0,0.5,1.0
71,0.07729468599033817,0.5,1.0,0.5,0.0,0.0,0.0,0.5,1.0,0.0,1.0,0.5,0.0
72,0.1159420289855072,0.5,1.0,0.5,0.0,0.0,0.0,0.5,1.0,0.0,1.0,0.5,0.0
73,0.09178743961352653,0.5,1.0,0.5,0.0,0.0,0.0,0.5,1.0,0.0,1.0,0.5,0.0
74,0.1642512077294686,0.0,1.0,0.5,1.0,1.0,0.0,1.0,0.0,0.0,1.0,1.0,1.0
75,0.13526570048309178,0.0,1.0,0.5,1.0,1.0,0.0,1.0,0.0,0.0,1.0,1.0,1.0
76,0.22705314009661837,1.0,1.0,0.75,0.5,0.0,0.0,0.0,1.0,1.0,1.0,0.5,1.0
77,0.17391304347826086,1.0,1.0,0.75,0.5,0.0,0.0,0.0,1.0,1.0,1.0,0.5,1.0
78,0.1111111111111111,0.0,0.5,0.5,1.0,1.0,0.0,0.5,0.0,0.0,0.0,0.5,1.0
79,0.10144927536231885,0.0,0.5,0.5,1.0,1.0,0.0,0.5,0.0,0.0,0.0,0.5,1.0
80,0.1497584541062802,0.0,1.0,0.25,1.0,1.0,0.0,1.0,0.0,0.0,1.0,0.5,1.0
81,0.13043478260869562,0.0,1.0,0.25,1.0,1.0,0.0,1.0,0.0,0.0,1.0,0.5,1.0
82,0.09178743961352653,0.0,1.0,0.25,1.0,1.0,0.0,1.0,0.0,0.0,1.0,0.5,1.0
83,0.08695652173913043,0.5,0.5,0.25,1.0,0.0,1.0,1.0,0.0,0.0,1.0,0.5,1.0
84,0.13526570048309178,0.5,0.5,0.25,1.0,0.0,1.0,1.0,0.0,0.0,1.0,0.5,1.0
85,0.1497584541062802,0.5,0.5,0.25,1.0,0.0,1.0,1.0,0.0,0.0,1.0,0.5,1.0
86,0.21739130434782605,1.0,0.5,0.75,0.0,0.0,1.0,0.0,1.0,1.0,1.0,0.5,0.0
87,0.2125603864734299,1.0,0.5,0.75,0.0,0.0,1.0,0.0,1.0,1.0,1.0,0.5,0.0
88,0.13043478260869562,0.5,0.5,0.75,1.0,1.0,1.0,0.0,0.0,1.0,1.0,0.5,1.0
89,0.25120772946859904,0.5,0.0,0.75,0.5,1.0,1.0,0.5,1.0,1.0,0.0,1.0,1.0
90,0.28019323671497587,0.5,0.5,0.0,0.5,0.0,1.0,1.0,1.0,0.0,1.0,0.0,1.0
91,0.25120772946859904,0.5,0.5,0.0,0.5,0.0,1.0,1.0,1.0,0.0,1.0,0.0,1.0
92,0.18840579710144928,0.5,0.0,0.5,0.0,0.0,1.0,0.0,1.0,0.0,0.0,0.0,0.0
93,0.1159420289855072,0.5,0.0,0.5,0.0,0.0,1.0,0.0,1.0,0.0,0.0,0.0,0.0
94,0.12077294685990336,0.5,0.0,0.5,0.0,0.0,1.0,0.0,1.0,0.0,0.0,0.0,0.0
95,0.1642512077294686,0.5,0.0,0.5,0.0,0.0,1.0,0.0,1.0,0.0,0.0,0.0,0.0
96,0.13526570048309178,1.0,0.5,0.75,1.0,0.0,0.0,0.0,0.0,1.0,0.0,0.5,1.0
97,0.12560386473429952,1.0,0.5,0.75,1.0,0.0,0.0,0.0,0.0,1.0,0.0,0.5,1.0
98,0.1111111111111111,1.0,0.5,0.75,1.0,0.0,0.0,0.0,0.0,1.0,0.0,0.5,1.0
99,0.024154589371980673,1.0,0.5,0.5,0.5,0.0,0.0,0.0,0.0,1.0,0.0,0.0,0.0
100,0.1497584541062802,0.5,1.0,0.0,0.0,0.0,0.0,1.0,1.0,0.0,1.0,0.0,0.0
101,0.13043478260869562,0.5,1.0,0.0,0.0,0.0,0.0,1.0,1.0,0.0,1.0,0.0,0.0
102,0.17874396135265697,0.5,1.0,0.0,0.0,0.0,0.0,1.0,1.0,0.0,1.0,0.0,0.0
103,0.06763285024154586,1.0,0.5,0.25,0.5,0.0,1.0,1.0,0.0,1.0,1.0,0.5,0.0
104,0.08212560386473428,1.0,0.5,0.25,0.5,0.0,1.0,1.0,0.0,1.0,1.0,0.5,0.0
105,0.053140096618357446,1.0,0.5,0.25,0.5,0.0,1.0,1.0,0.0,1.0,1.0,0.5,0.0
106,0.014492753623188415,1.0,0.5,0.25,0.5,0.0,1.0,1.0,0.0,1.0,1.0,0.5,0.0
107,0.12077294685990336,0.0,0.0,0.75,1.0,1.0,1.0,0.0,0.0,0.0,0.0,0.5,1.0
108,0.15942028985507245,1.0,1.0,0.75,0.5,0.0,0.0,0.5,1.0,1.0,1.0,1.0,1.0
109,0.18840579710144928,1.0,1.0,0.75,0.5,0.0,0.0,0.5,1.0,1.0,1.0,1.0,1.0
110,0.19806763285024154,1.0,1.0,0.75,0.5,0.0,0.0,0.5,1.0,1.0,1.0,1.0,1.0
111,0.17391304347826086,0.5,0.0,0.25,0.5,1.0,1.0,1.0,1.0,1.0,0.0,0.5,1.0
112,0.18357487922705312,0.5,0.0,0.25,0.5,1.0,1.0,1.0,1.0,1.0,0.0,0.5,1.0
113,0.21739130434782605,0.5,0.0,0.25,0.5,1.0,1.0,1.0,1.0,1.0,0.0,0.5,1.0
114,0.2125603864734299,0.5,1.0,0.0,0.5,1.0,0.0,1.0,1.0,1.0,1.0,0.0,1.0
115,0.2657004830917874,0.5,1.0,0.0,0.5,1.0,0.0,1.0,1.0,1.0,1.0,0.0,1.0
116,0.20772946859903385,0.5,1.0,0.0,0.5,1.0,0.0,1.0,1.0,1.0,1.0,0.0,1.0
117,0.2028985507246377,0.5,1.0,0.0,0.5,1.0,0.0,1.0,1.0,1.0,1.0,0.0,1.0
118,0.14009661835748793,0.5,0.0,0.5,0.0,1.0,1.0,0.0,1.0,1.0,0.0,0.0,0.0
119,0.07729468599033817,0.5,1.0,1.0,0.5,1.0,0.0,0.0,0.0,1.0,1.0,1.0,0.0
120,0.09178743961352653,0.5,1.0,1.0,0.5,1.0,0.0,0.0,0.0,1.0,1.0,1.0,0.0
121,0.06280193236714976,0.5,1.0,1.0,0.5,1.0,0.0,0.0,0.0,1.0,1.0,1.0,0.0
122,0.15942028985507245,0.0,0.0,0.0,1.0,1.0,1.0,1.0,0.0,0.0,0.0,0.0,1.0
123,0.10144927536231885,0.0,0.0,0.0,1.0,1.0,1.0,1.0,0.0,0.0,0.0,0.0,1.0
124,0.08695652173913043,0.0,0.0,0.0,1.0,1.0,1.0,1.0,0.0,0.0,0.0,0.0,1.0
125,0.14492753623188404,0.0,1.0,1.0,1.0,1.0,0.0,0.0,0.0,0.0,1.0,1.0,1.0
126,0.12077294685990336,0.0,1.0,1.0,1.0,1.0,0.0,0.0,0.0,0.0,1.0,1.0,1.0
127,0.13043478260869562,0.5,0.5,0.25,0.0,0.0,1.0,1.0,1.0,0.0,1.0,0.5,0.0
128,0.028985507246376774,0.5,0.0,0.5,0.5,0.0,1.0,0.5,0.0,0.0,0.0,0.5,0.0
129,0.009661835748792258,0.5,0.0,0.5,0.5,0.0,1.0,0.5,0.0,0.0,0.0,0.5,0.0
130,0.10628019323671495,0.5,1.0,0.25,1.0,0.0,0.0,0.5,0.0,0.0,1.0,0.0,1.0
131,0.08212560386473428,0.5,1.0,0.25,1.0,0.0,0.0,0.5,0.0,0.0,1.0,0.0,1.0
132,0.14009661835748793,0.5,1.0,0.25,1.0,0.0,0.0,0.5,0.0,0.0,1.0,0.0,1.0
133,0.14492753623188404,0.5,0.0,0.5,1.0,1.0,1.0,0.5,0.0,1.0,0.0,0.5,1.0
134,0.18357487922705312,0.5,0.0,0.5,1.0,1.0,1.0,0.5,0.0,1.0,0.0,0.5,1.0
135,0.1497584541062802,0.5,0.0,0.5,1.0,1.0,1.0,0.5,0.0,1.0,0.0,0.5,1.0
136,0.1111111111111111,0.0,0.5,0.75,0.0,1.0,0.0,0.5,1.0,0.0,0.0,1.0,0.0
137,0.2125603864734299,0.0,0.5,0.75,0.0,1.0,0.0,0.5,1.0,0.0,0.0,1.0,0.0
138,0.048309178743961345,0.5,0.5,0.5,0.0,0.0,1.0,1.0,1.0,0.0,1.0,1.0,0.0
139,0.1545893719806763,0.5,0.5,0.5,0.0,0.0,1.0,1.0,1.0,0.0,1.0,1.0,0.0
140,0.09178743961352653,0.0,0.5,0.75,0.0,1.0,1.0,0.0,1.0,0.0,1.0,0.5,0.0
141,0.23671497584541057,0.0,0.0,0.5,0.5,1.0,1.0,1.0,1.0,0.0,0.0,1.0,1.0
142,0.1642512077294686,0.0,0.0,0.5,0.5,1.0,1.0,1.0,1.0,0.0,0.0,1.0,1.0
143,0.26086956521739124,0.0,0.0,0.5,0.5,1.0,1.0,1.0,1.0,0.0,0.0,1.0,1.0
144,0.03381642512077293,0.5,0.5,0.75,0.5,1.0,1.0,0.0,0.0,1.0,1.0,0.5,0.0
145,0.03864734299516909,0.5,0.5,0.75,0.5,1.0,1.0,0.0,0.0,1.0,1.0,0.5,0.0
146,0.053140096618357446,0.0,0.5,0.25,0.5,1.0,1.0,0.5,0.0,0.0,1.0,0.0,0.0
147,0.23188405797101452,0.5,0.5,1.0,0.5,1.0,0.0,0.0,1.0,1.0,0.0,1.0,1.0
148,0.15942028985507245,0.5,1.0,0.25,0.5,1.0,0.0,1.0,1.0,1.0,1.0,0.5,1.0
149,0.1497584541062802,0.5,1.0,0.25,0.5,1.0,0.0,1.0,1.0,1.0,1.0,0.5,1.0
150,0.13526570048309178,1.0,0.0,0.0,0.0,0.0,1.0,1.0,1.0,1.0,0.0,0.0,0.0
151,0.13043478260869562,1.0,0.0,0.0,0.0,0.0,1.0,1.0,1.0,1.0,0.0,0.0,0.0
152,0.09661835748792269,0.5,0.5,0.5,0.0,0.0,1.0,0.0,1.0,0.0,1.0,0.0,0.0
153,0.14009661835748793,0.5,0.5,0.5,0.0,0.0,1.0,0.0,1.0,0.0,1.0,0.0,0.0
154,0.14492753623188404,0.5,0.5,0.5,0.0,0.0,1.0,0.0,1.0,0.0,1.0,0.0,0.0
155,0.12560386473429952,0.0,0.5,0.5,1.0,1.0,1.0,0.0,0.0,0.0,1.0,0.0,1.0
156,0.15942028985507245,0.0,0.5,0.5,1.0,1.0,1.0,0.0,0.0,0.0,1.0,0.0,1.0
157,0.1159420289855072,1.0,0.0,0.5,0.0,0.0,1.0,0.0,1.0,1.0,0.0,0.0,0.0
158,0.19806763285024154,1.0,0.0,0.5,0.0,0.0,1.0,0.0,1.0,1.0,0.0,0.0,0.0
159,0.1111111111111111,1.0,0.0,0.5,0.0,0.0,1.0,0.0,1.0,1.0,0.0,0.0,0.0
160,0.13526570048309178,0.5,0.0,0.0,0.0,0.0,1.0,1.0,1.0,0.0,0.0,0.0,0.0
161,0.10628019323671495,0.5,0.0,0.0,0.0,0.0,1.0,1.0,1.0,0.0,0.0,0.0,0.0
162,0.09178743961352653,1.0,1.0,0.75,1.0,0.0,0.0,0.0,0.0,1.0,1.0,0.5,1.0
163,0.1159420289855072,1.0,1.0,0.75,1.0,0.0,0.0,0.0,0.0,1.0,1.0,0.5,1.0
164,0.10628019323671495,0.0,0.0,0.75,0.0,1.0,1.0,0.5,1.0,0.0,0.0,1.0,0.0
165,0.1159420289855072,0.5,1.0,0.25,1.0,0.0,0.0,1.0,0.0,0.0,1.0,0.5,1.0
166,0.1497584541062802,0.5,1.0,0.25,1.0,0.0,0.0,1.0,0.0,0.0,1.0,0.5,1.0
167,0.08212560386473428,0.5,1.0,0.25,1.0,0.0,0.0,1.0,0.0,0.0,1.0,0.5,1.0
168,0.2753623188405797,0.5,0.5,0.25,0.5,0.0,1.0,0.5,1.0,0.0,1.0,0.0,1.0
169,0.28019323671497587,1.0,0.0,0.25,0.5,0.0,1.0,1.0,1.0,1.0,0.0,0.5,1.0
170,0.1111111111111111,1.0,1.0,0.75,0.5,0.0,0.0,0.5,0.0,1.0,1.0,1.0,0.0
171,0.04347826086956519,1.0,1.0,0.75,0.5,0.0,0.0,0.5,0.0,1.0,1.0,1.0,0.0
172,0.13043478260869562,0.0,0.5,0.5,1.0,1.0,1.0,1.0,0.0,0.0,1.0,1.0,1.0
173,0.14492753623188404,0.0,1.0,0.5,0.0,1.0,0.0,0.0,1.0,0.0,1.0,0.0,0.0
174,0.1111111111111111,0.0,1.0,0.5,0.0,1.0,0.0,0.0,1.0,0.0,1.0,0.0,0.0
175,0.1159420289855072,0.0,0.5,0.5,1.0,1.0,0.0,0.0,0.0,0.0,0.0,0.0,1.0
176,0.2850241545893719,1.0,1.0,0.5,0.5,0.0,0.0,0.0,1.0,1.0,1.0,0.0,1.0
177,0.19806763285024154,1.0,1.0,0.5,0.5,0.0,0.0,0.0,1.0,1.0,1.0,0.0,1.0
178,0.2753623188405797,1.0,1.0,0.5,0.5,0.0,0.0,0.0,1.0,1.0,1.0,0.0,1.0
179,0.18840579710144928,1.0,1.0,0.5,0.5,0.0,0.0,0.0,1.0,1.0,1.0,0.0,1.0
180,0.23671497584541057,1.0,1.0,0.5,0.5,0.0,0.0,0.0,1.0,1.0,1.0,0.0,1.0
181,0.1690821256038647,1.0,1.0,0.25,0.0,0.0,0.0,0.5,1.0,1.0,1.0,0.0,0.0
182,0.13526570048309178,1.0,1.0,0.25,0.0,0.0,0.0,0.5,1.0,1.0,1.0,0.0,0.0
183,0.13043478260869562,1.0,1.0,0.25,0.0,0.0,0.0,0.5,1.0,1.0,1.0,0.0,0.0
184,0.08695652173913043,1.0,1.0,0.25,0.0,0.0,0.0,0.5,1.0,1.0,1.0,0.0,0.0
185,0.07246376811594202,0.0,1.0,0.75,0.0,1.0,0.0,0.5,1.0,0.0,1.0,1.0,0.0
186,0.04347826086956519,1.0,0.0,0.0,0.5,0.0,1.0,1.0,0.0,1.0,0.0,0.0,0.0
187,0.06763285024154586,1.0,0.0,0.0,0.5,0.0,1.0,1.0,0.0,1.0,0.0,0.0,0.0
188,0.028985507246376774,1.0,0.0,0.0,0.5,0.0,1.0,1.0,0.0,1.0,0.0,0.0,0.0
189,0.06280193236714976,0.5,1.0,0.75,0.5,1.0,0.0,0.0,0.0,1.0,1.0,0.5,0.0
190,0.1642512077294686,0.0,0.5,0.5,1.0,1.0,1.0,0.5,0.0,0.0,1.0,0.5,1.0
191,0.1690821256038647,0.0,0.5,0.5,1.0,1.0,1.0,0.5,0.0,0.0,1.0,0.5,1.0
192,0.22705314009661837,1.0,0.5,0.5,0.5,0.0,1.0,0.5,1.0,1.0,1.0,0.5,1.0
193,0.2657004830917874,1.0,0.5,0.5,0.5,0.0,1.0,0.5,1.0,1.0,1.0,0.5,1.0
194,0.17391304347826086,0.0,0.5,0.25,0.0,1.0,1.0,0.5,1.0,0.0,1.0,0.0,0.0
195,0.19323671497584538,0.0,0.5,0.25,0.0,1.0,1.0,0.5,1.0,0.0,1.0,0.0,0.0
196,0.13526570048309178,0.0,0.5,0.25,0.0,1.0,1.0,0.5,1.0,0.0,1.0,0.0,0.0
197,0.2946859903381642,1.0,0.5,0.75,0.5,0.0,0.0,0.0,1.0,1.0,0.0,0.5,1.0
198,0.2028985507246377,1.0,0.5,0.75,0.5,0.0,0.0,0.0,1.0,1.0,0.0,0.5,1.0
199,0.23671497584541057,1.0,0.5,0.75,0.5,0.0,0.0,0.0,1.0,1.0,0.0,0.5,1.0
200,0.10628019323671495,1.0,0.5,0.75,0.5,0.0,0.0,0.0,1.0,1.0,0.0,0.5,1.0
201,0.12077294685990336,0.5,0.0,1.0,0.5,1.0,1.0,0.0,0.0,1.0,0.0,1.0,0.0
202,0.23671497584541057,0.5,0.0,1.0,0.5,1.0,1.0,0.0,0.0,1.0,0.0,1.0,0.0
203,0.08212560386473428,0.5,0.0,1.0,0.5,1.0,1.0,0.0,0.0,1.0,0.0,1.0,0.0
204,0.06763285024154586,0.5,0.0,1.0,0.5,1.0,1.0,0.0,0.0,1.0,0.0,1.0,0.0
205,0.08695652173913043,0.5,0.0,1.0,0.5,1.0,1.0,0.0,0.0,1.0,0.0,1.0,0.0
206,0.04347826086956519,0.5,0.0,1.0,0.5,1.0,1.0,0.0,0.0,1.0,0.0,1.0,0.0
207,0.13043478260869562,0.0,1.0,0.25,0.0,1.0,0.0,1.0,1.0,0.0,1.0,0.5,0.0
208,0.10628019323671495,0.5,1.0,0.75,1.0,0.0,0.0,0.0,0.0,0.0,1.0,0.5,1.0
209,0.10144927536231885,0.5,1.0,0.75,1.0,0.0,0.0,0.0,0.0,0.0,1.0,0.5,1.0
210,0.18840579710144928,1.0,0.5,0.75,0.5,0.0,1.0,0.5,1.0,1.0,1.0,1.0,1.0
211,0.1497584541062802,0.5,0.0,0.5,1.0,0.0,1.0,0.0,0.0,0.0,0.0,0.0,1.0
212,0.1545893719806763,0.5,0.0,0.5,1.0,0.0,1.0,0.0,0.0,0.0,0.0,0.0,1.0
213,0.07246376811594202,0.5,0.0,0.5,1.0,0.0,1.0,0.0,0.0,0.0,0.0,0.0,1.0
214,0.13526570048309178,0.5,0.0,0.5,1.0,0.0,1.0,0.0,0.0,0.0,0.0,0.0,1.0
215,0.0579710144927536,0.5,1.0,0.75,0.0,0.0,0.0,0.0,1.0,0.0,1.0,0.5,0.0
216,0.1111111111111111,0.5,1.0,0.75,0.0,0.0,0.0,0.0,1.0,0.0,1.0,0.5,0.0
217,0.26086956521739124,0.5,0.5,0.75,0.5,1.0,1.0,0.0,1.0,1.0,1.0,0.5,1.0
218,0.25120772946859904,0.5,0.5,0.75,0.5,1.0,1.0,0.0,1.0,1.0,1.0,0.5,1.0
219,0.14492753623188404,0.5,1.0,0.25,0.0,1.0,0.0,0.5,1.0,1.0,1.0,0.0,0.0
220,0.17391304347826086,0.5,1.0,0.25,0.0,1.0,0.0,0.5,1.0,1.0,1.0,0.0,0.0
221,0.09178743961352653,0.5,1.0,0.25,0.0,1.0,0.0,0.5,1.0,1.0,1.0,0.0,0.0
222,0.03864734299516909,0.5,1.0,0.5,0.5,0.0,0.0,0.5,0.0,0.0,1.0,0.5,0.0
223,0.18357487922705312,0.5,0.5,0.75,0.5,1.0,1.0,0.5,1.0,1.0,1.0,1.0,1.0
224,0.1497584541062802,0.5,0.0,0.5,0.5,1.0,1.0,1.0,1.0,1.0,0.0,1.0,1.0
225,0.19323671497584538,0.5,0.0,0.5,0.5,1.0,1.0,1.0,1.0,1.0,0.0,1.0,1.0
226,0.17391304347826086,0.0,0.5,0.0,0.0,1.0,0.0,1.0,1.0,0.0,0.0,0.0,0.0
227,0.12077294685990336,0.0,0.5,0.0,0.0,1.0,0.0,1.0,1.0,0.0,0.0,0.0,0.0
228,0.09178743961352653,0.0,0.5,0.0,0.0,1.0,0.0,1.0,1.0,0.0,0.0,0.0,0.0
229,0.10628019323671495,0.0,0.5,0.0,0.0,1.0,0.0,1.0,1.0,0.0,0.0,0.0,0.0
230,0.08695652173913043,0.0,0.5,0.0,0.0,1.0,0.0,1.0,1.0,0.0,0.0,0.0,0.0
231,0.08212560386473428,0.5,0.5,1.0,0.5,0.0,0.0,0.0,0.0,0.0,0.0,1.0,0.0
232,0.048309178743961345,0.5,0.5,1.0,0.5,0.0,0.0,0.0,0.0,0.0,0.0,1.0,0.0
233,0.009661835748792258,0.5,0.5,1.0,0.5,0.0,0.0,0.0,0.0,0.0,0.0,1.0,0.0
234,0.1159420289855072,0.5,0.5,0.25,1.0,0.0,0.0,1.0,0.0,0.0,0.0,0.5,1.0
235,0.15942028985507245,0.5,0.5,0.25,1.0,0.0,0.0,1.0,0.0,0.0,0.0,0.5,1.0
236,0.06280193236714976,0.5,0.5,1.0,0.5,0.0,1.0,0.0,0.0,0.0,1.0,1.0,0.0
237,0.1159420289855072,0.5,0.5,1.0,0.5,0.0,1.0,0.0,0.0,0.0,1.0,1.0,0.0
238,0.10144927536231885,1.0,0.0,0.0,1.0,0.0,1.0,1.0,0.0,1.0,0.0,0.0,1.0
239,0.1111111111111111,1.0,0.0,0.0,1.0,0.0,1.0,1.0,0.0,1.0,0.0,0.0,1.0
240,0.09661835748792269,1.0,0.0,0.0,1.0,0.0,1.0,1.0,0.0,1.0,0.0,0.0,1.0
241,0.13526570048309178,0.5,0.0,0.75,0.0,0.0,1.0,0.0,1.0,0.0,0.0,0.5,0.0
242,0.15942028985507245,1.0,1.0,1.0,0.0,0.0,0.0,0.0,1.0,1.0,1.0,1.0,0.0
243,0.13043478260869562,1.0,1.0,1.0,0.0,0.0,0.0,0.0,1.0,1.0,1.0,1.0,0.0
244,0.1545893719806763,0.0,0.0,0.5,1.0,1.0,1.0,1.0,0.0,0.0,0.0,1.0,1.0
245,0.1642512077294686,0.0,0.0,0.5,1.0,1.0,1.0,1.0,0.0,0.0,0.0,1.0,1.0
246,0.17874396135265697,0.0,0.0,0.5,1.0,1.0,1.0,1.0,0.0,0.0,0.0,1.0,1.0
247,0.1159420289855072,0.0,0.0,0.5,1.0,1.0,1.0,1.0,0.0,0.0,0.0,1.0,1.0
248,0.23188405797101452,1.0,0.5,0.25,0.5,0.0,0.0,1.0,1.0,1.0,0.0,0.5,1.0
249,0.21739130434782605,1.0,0.5,0.25,0.5,0.0,0.0,1.0,1.0,1.0,0.0,0.5,1.0
250,0.1642512077294686,0.5,0.0,0.75,0.0,0.0,1.0,0.5,1.0,0.0,0.0,1.0,0.0
251,0.1497584541062802,0.5,0.0,0.75,0.0,0.0,1.0,0.5,1.0,0.0,0.0,1.0,0.0
252,0.12077294685990336,1.0,1.0,0.25,0.5,0.0,0.0,1.0,0.0,1.0,1.0,0.5,0.0
253,0.07729468599033817,1.0,1.0,0.25,0.5,0.0,0.0,1.0,0.0,1.0,1.0,0.5,0.0
254,0.09178743961352653,1.0,1.0,0.25,0.5,0.0,0.0,1.0,0.0,1.0,1.0,0.5,0.0
255,0.08695652173913043,0.0,0.5,0.5,0.5,1.0,1.0,0.5,0.0,0.0,1.0,0.5,0.0
256,0.06280193236714976,0.0,0.5,0.5,0.5,1.0,1.0,0.5,0.0,0.0,1.0,0.5,0.0
257,0.06763285024154586,0.5,1.0,0.25,0.5,0.0,0.0,0.5,0.0,0.0,1.0,0.0,0.0
258,0.009661835748792258,0.5,1.0,0.25,0.5,0.0,0.0,0.5,0.0,0.0,1.0,0.0,0.0
259,0.07729468599033817,0.5,1.0,0.25,0.5,0.0,0.0,0.5,0.0,0.0,1.0,0.0,0.0
260,0.09661835748792269,0.5,1.0,0.25,0.5,0.0,0.0,0.5,0.0,0.0,1.0,0.0,0.0
261,0.048309178743961345,0.5,1.0,0.25,0.5,0.0,0.0,0.5,0.0,0.0,1.0,0.0,0.0
262,0.18357487922705312,0.5,0.0,0.75,0.0,1.0,1.0,0.0,1.0,1.0,0.0,0.5,0.0
263,0.09661835748792269,0.5,1.0,0.5,1.0,0.0,0.0,0.0,0.0,0.0,1.0,0.0,1.0
264,0.2125603864734299,1.0,0.5,0.5,0.5,0.0,1.0,0.0,1.0,1.0,1.0,0.0,1.0
265,0.21739130434782605,1.0,0.5,0.5,0.5,0.0,1.0,0.0,1.0,1.0,1.0,0.0,1.0
266,0.28985507246376807,1.0,0.5,0.5,0.5,0.0,1.0,0.0,1.0,1.0,1.0,0.0,1.0
267,0.17874396135265697,1.0,0.5,0.5,0.5,0.0,1.0,0.0,1.0,1.0,1.0,0.0,1.0
268,0.19323671497584538,0.5,0.5,0.75,0.0,1.0,1.0,0.0,1.0,1.0,1.0,0.5,0.0
269,0.21739130434782605,0.5,0.5,0.75,0.0,1.0,1.0,0.0,1.0,1.0,1.0,0.5,0.0
270,0.06763285024154586,1.0,1.0,0.0,0.5,0.0,0.0,1.0,0.0,1.0,1.0,0.0,0.0
271,0.0579710144927536,1.0,1.0,0.0,0.5,0.0,0.0,1.0,0.0,1.0,1.0,0.0,0.0
272,0.04347826086956519,1.0,1.0,0.0,0.5,0.0,0.0,1.0,0.0,1.0,1.0,0.0,0.0
273,0.10144927536231885,0.5,0.5,0.75,1.0,1.0,0.0,0.5,0.0,1.0,0.0,1.0,1.0
274,0.1159420289855072,0.0,0.5,0.25,0.0,1.0,0.0,1.0,1.0,0.0,0.0,0.5,0.0
275,0.15942028985507245,0.0,0.5,0.25,0.0,1.0,0.0,1.0,1.0,0.0,0.0,0.5,0.0
276,0.2850241545893719,0.5,0.5,1.0,0.5,0.0,0.0,0.0,1.0,0.0,0.0,1.0,1.0
277,0.13526570048309178,1.0,0.5,0.5,0.0,0.0,0.0,0.0,1.0,1.0,0.0,0.0,0.0
278,0.1497584541062802,1.0,0.5,0.5,0.0,0.0,0.0,0.0,1.0,1.0,0.0,0.0,0.0
279,0.0579710144927536,0.5,1.0,0.5,1.0,1.0,0.0,0.0,0.0,1.0,1.0,0.0,1.0
280,0.2560386473429952,0.5,1.0,0.5,1.0,1.0,0.0,0.0,0.0,1.0,1.0,0.0,1.0
281,0.17391304347826086,0.0,0.5,0.5,0.5,1.0,0.0,0.5,1.0,0.0,0.0,0.5,1.0
282,0.21739130434782605,0.0,0.5,0.5,0.5,1.0,0.0,0.5,1.0,0.0,0.0,0.5,1.0
283,0.17874396135265697,0.5,1.0,0.5,0.5,0.0,0.0,0.5,1.0,0.0,1.0,0.5,1.0
284,0.09661835748792269,1.0,0.5,0.25,0.0,0.0,1.0,0.5,1.0,1.0,1.0,0.0,0.0
285,0.12560386473429952,1.0,0.5,0.25,0.0,0.0,1.0,0.5,1.0,1.0,1.0,0.0,0.0
286,0.18840579710144928,1.0,0.5,0.25,0.0,0.0,1.0,0.5,1.0,1.0,1.0,0.0,0.0
287,0.1159420289855072,1.0,0.0,0.5,1.0,0.0,1.0,1.0,0.0,1.0,0.0,1.0,1.0
288,0.2028985507246377,0.5,1.0,0.5,0.5,1.0,0.0,1.0,1.0,1.0,1.0,1.0,1.0
289,0.1545893719806763,0.5,1.0,0.5,0.5,1.0,0.0,1.0,1.0,1.0,1.0,1.0,1.0
290,0.23188405797101452,0.5,1.0,0.5,0.5,1.0,0.0,1.0,1.0,1.0,1.0,1.0,1.0
291,0.1111111111111111,0.0,0.0,0.5,1.0,1.0,1.0,0.0,0.0,0.0,0.0,0.0,1.0
292,0.14009661835748793,0.0,0.0,0.5,1.0,1.0,1.0,0.0,0.0,0.0,0.0,0.0,1.0
293,0.17391304347826086,0.0,0.0,0.5,1.0,1.0,1.0,0.0,0.0,0.0,0.0,0.0,1.0
294,0.06280193236714976,0.0,0.0,0.5,1.0,1.0,1.0,0.0,0.0,0.0,0.0,0.0,1.0
295,0.12077294685990336,0.5,0.0,0.5,0.5,1.0,1.0,0.5,0.0,1.0,0.0,0.5,0.0
296,0.0579710144927536,0.5,0.0,0.5,0.5,1.0,1.0,0.5,0.0,1.0,0.0,0.5,0.0
297,0.048309178743961345,0.5,0.0,0.5,0.5,1.0,1.0,0.5,0.0,1.0,0.0,0.5,0.0
298,0.10144927536231885,0.5,0.5,0.25,1.0,0.0,1.0,0.5,0.0,0.0,1.0,0.0,1.0
299,0.2125603864734299,0.0,1.0,0.75,0.5,1.0,0.0,0.0,1.0,0.0,1.0,0.5,1.0
300,0.18840579710144928,0.0,1.0,0.75,0.5,1.0,0.0,0.0,1.0,0.0,1.0,0.5,1.0
301,0.15942028985507245,0.5,0.5,0.0,1.0,1.0,1.0,1.0,0.0,1.0,1.0,0.0,1.0
302,0.18357487922705312,0.5,0.5,0.0,1.0,1.0,1.0,1.0,0.0,1.0,1.0,0.0,1.0
303,0.17874396135265697,0.0,0.0,0.5,0.5,1.0,1.0,0.5,1.0,0.0,0.0,0.5,1.0
304,0.13526570048309178,1.0,0.5,0.5,0.5,0.0,0.0,1.0,1.0,1.0,0.0,1.0,1.0
305,0.10144927536231885,0.5,0.5,0.75,1.0,0.0,1.0,0.0,0.0,0.0,1.0,0.5,1.0
306,0.17874396135265697,0.5,0.5,0.75,1.0,0.0,1.0,0.0,0.0,0.0,1.0,0.5,1.0
307,0.13043478260869562,0.5,0.5,0.75,1.0,0.0,1.0,0.0,0.0,0.0,1.0,0.5,1.0
308,0.10628019323671495,1.0,0.5,0.5,0.0,0.0,1.0,0.5,1.0,1.0,1.0,0.5,0.0
309,0.18840579710144928,1.0,0.5,0.5,0.0,0.0,1.0,0.5,1.0,1.0,1.0,0.5,0.0
310,0.18357487922705312,1.0,0.5,0.5,0.0,0.0,1.0,0.5,1.0,1.0,1.0,0.5,0.0
311,0.028985507246376774,0.5,0.0,0.75,0.5,1.0,1.0,0.5,0.0,1.0,0.0,1.0,0.0
312,0.06280193236714976,0.5,0.0,0.75,0.5,1.0,1.0,0.5,0.0,1.0,0.0,1.0,0.0
313,0.0579710144927536,0.5,0.0,0.75,0.5,1.0,1.0,0.5,0.0,1.0,0.0,1.0,0.0
314,0.03381642512077293,0.5,0.0,0.75,0.5,1.0,1.0,0.5,0.0,1.0,0.0,1.0,0.0
315,0.048309178743961345,0.5,1.0,0.0,0.5,1.0,0.0,1.0,0.0,1.0,1.0,0.0,0.0
316,0.053140096618357446,0.5,1.0,0.0,0.5,1.0,0.0,1.0,0.0,1.0,1.0,0.0,0.0
317,0.09178743961352653,0.5,0.0,0.5,0.5,1.0,1.0,0.0,0.0,1.0,0.0,0.0,0.0
318,0.0579710144927536,0.5,0.0,0.5,0.5,1.0,1.0,0.0,0.0,1.0,0.0,0.0,0.0
319,0.06763285024154586,0.5,0.5,0.75,1.0,1.0,0.0,0.0,0.0,1.0,0.0,0.5,1.0
320,0.14492753623188404,0.5,0.5,0.75,1.0,1.0,0.0,0.0,0.0,1.0,0.0,0.5,1.0
321,0.0,1.0,0.0,0.75,0.5,0.0,1.0,0.5,0.0,1.0,0.0,1.0,0.0
322,0.048309178743961345,0.5,1.0,0.5,1.0,1.0,0.0,0.5,0.0,1.0,1.0,0.5,1.0
323,0.14492753623188404,0.5,1.0,0.5,1.0,1.0,0.0,0.5,0.0,1.0,1.0,0.5,1.0
324,0.12560386473429952,0.5,1.0,0.5,1.0,1.0,0.0,0.5,0.0,1.0,1.0,0.5,1.0
325,0.10628019323671495,0.5,0.5,1.0,0.0,0.0,1.0,0.0,1.0,0.0,1.0,1.0,0.0
326,0.1159420289855072,0.5,0.5,1.0,0.0,0.0,1.0,0.0,1.0,0.0,1.0,1.0,0.0
327,0.12560386473429952,0.5,0.5,1.0,0.0,0.0,1.0,0.0,1.0,0.0,1.0,1.0,0.0
328,0.21739130434782605,0.0,0.0,0.75,0.5,1.0,1.0,0.0,1.0,0.0,0.0,0.5,1.0
329,0.1642512077294686,0.0,0.0,0.75,0.5,1.0,1.0,0.0,1.0,0.0,0.0,0.5,1.0
330,0.24154589371980673,0.0,0.0,0.75,0.5,1.0,1.0,0.0,1.0,0.0,0.0,0.5,1.0
331,0.2028985507246377,1.0,0.5,0.25,0.5,0.0,0.0,0.5,1.0,1.0,0.0,0.0,1.0
332,0.06763285024154586,0.0,0.0,0.0,0.0,1.0,1.0,1.0,1.0,0.0,0.0,0.0,0.0
333,0.14009661835748793,0.0,0.0,0.0,0.0,1.0,1.0,1.0,1.0,0.0,0.0,0.0,0.0
334,0.12077294685990336,0.0,0.0,0.0,0.0,1.0,1.0,1.0,1.0,0.0,0.0,0.0,0.0
335,0.13043478260869562,0.0,0.0,0.0,0.0,1.0,1.0,1.0,1.0,0.0,0.0,0.0,0.0
336,0.10628019323671495,0.0,0.0,0.0,0.0,1.0,1.0,1.0,1.0,0.0,0.0,0.0,0.0
337,0.13043478260869562,1.0,0.5,1.0,1.0,0.0,0.0,0.0,0.0,1.0,0.0,1.0,1.0
338,0.1545893719806763,0.5,0.0,0.25,0.5,1.0,1.0,0.5,1.0,1.0,0.0,0.0,1.0
339,0.21739130434782605,0.5,0.0,0.25,0.5,1.0,1.0,0.5,1.0,1.0,0.0,0.0,1.0
340,0.23671497584541057,0.5,0.0,0.25,0.5,1.0,1.0,0.5,1.0,1.0,0.0,0.0,1.0
341,0.9855072463768115,0.5,0.0,0.25,0.5,1.0,1.0,0.5,1.0,1.0,0.0,0.0,1.0
342,0.1159420289855072,0.0,0.0,0.25,1.0,1.0,1.0,0.5,0.0,0.0,0.0,0.0,1.0
343,0.17874396135265697,0.0,0.0,0.25,1.0,1.0,1.0,0.5,0.0,0.0,0.0,0.0,1.0
344,0.22705314009661837,0.0,0.5,0.75,0.5,1.0,0.0,0.5,1.0,0.0,0.0,1.0,1.0
345,0.2125603864734299,0.0,0.5,0.75,0.5,1.0,0.0,0.5,1.0,0.0,0.0,1.0,1.0
346,0.2560386473429952,0.0,0.5,0.75,0.5,1.0,0.0,0.5,1.0,0.0,0.0,1.0,1.0
347,0.20772946859903385,1.0,0.5,0.0,0.0,0.0,0.0,1.0,1.0,1.0,0.0,0.0,0.0
348,0.12077294685990336,1.0,0.5,0.0,0.0,0.0,0.0,1.0,1.0,1.0,0.0,0.0,0.0
349,0.09178743961352653,1.0,0.5,0.0,0.0,0.0,0.0,1.0,1.0,1.0,0.0,0.0,0.0
350,0.1159420289855072,1.0,0.5,0.0,0.0,0.0,0.0,1.0,1.0,1.0,0.0,0.0,0.0
351,0.1545893719806763,0.0,1.0,0.5,1.0,1.0,0.0,0.0,0.0,0.0,1.0,0.0,1.0
352,0.1497584541062802,0.0,1.0,0.5,1.0,1.0,0.0,0.0,0.0,0.0,1.0,0.0,1.0
353,0.15942028985507245,1.0,0.0,1.0,1.0,0.0,1.0,0.0,0.0,1.0,0.0,1.0,1.0
354,0.1111111111111111,1.0,0.0,1.0,1.0,0.0,1.0,0.0,0.0,1.0,0.0,1.0,1.0
355,0.1159420289855072,1.0,0.0,1.0,1.0,0.0,1.0,0.0,0.0,1.0,0.0,1.0,1.0
356,0.14009661835748793,1.0,0.5,0.75,1.0,0.0,1.0,0.0,0.0,1.0,1.0,0.5,1.0
357,0.13043478260869562,1.0,0.5,0.75,1.0,0.0,1.0,0.0,0.0,1.0,1.0,0.5,1.0
358,0.10144927536231885,1.0,0.5,0.75,1.0,0.0,1.0,0.0,0.0,1.0,1.0,0.5,1.0
359,0.21739130434782605,0.5,0.5,0.25,0.5,1.0,1.0,0.5,1.0,1.0,1.0,0.0,1.0
360,0.27053140096618356,0.5,0.5,0.25,0.5,1.0,1.0,0.5,1.0,1.0,1.0,0.0,1.0
361,0.1642512077294686,0.5,0.5,0.25,0.5,1.0,1.0,0.5,1.0,1.0,1.0,0.0,1.0
362,0.19806763285024154,0.5,0.5,0.25,0.5,1.0,1.0,0.5,1.0,1.0,1.0,0.0,1.0
363,0.9082125603864735,0.5,0.0,0.25,1.0,1.0,1.0,0.5,0.0,1.0,0.0,0.0,1.0
364,1.0,0.5,0.5,0.75,0.5,1.0,0.0,0.0,1.0,1.0,0.0,0.5,1.0
365,0.13526570048309178,0.5,0.5,0.75,0.5,1.0,0.0,0.0,1.0,1.0,0.0,0.5,1.0
366,0.028985507246376774,0.0,0.0,0.25,0.5,1.0,1.0,1.0,0.0,0.0,0.0,0.5,0.0
367,0.13043478260869562,0.0,0.0,0.25,0.5,1.0,1.0,1.0,0.0,0.0,0.0,0.5,0.0
368,0.004830917874396101,0.5,0.5,0.25,0.5,0.0,0.0,1.0,0.0,0.0,0.0,0.5,0.0
369,0.053140096618357446,1.0,0.0,0.5,0.5,0.0,1.0,1.0,0.0,1.0,0.0,1.0,0.0
370,0.06280193236714976,1.0,0.0,0.5,0.5,0.0,1.0,1.0,0.0,1.0,0.0,1.0,0.0
371,0.009661835748792258,1.0,0.0,0.5,0.5,0.0,1.0,1.0,0.0,1.0,0.0,1.0,0.0
372,0.19806763285024154,0.5,0.5,1.0,0.5,0.0,1.0,0.0,1.0,0.0,1.0,1.0,1.0
373,0.18840579710144928,0.5,0.5,1.0,0.5,0.0,1.0,0.0,1.0,0.0,1.0,1.0,1.0
374,0.2125603864734299,0.5,0.5,0.25,0.5,0.0,1.0,1.0,1.0,0.0,1.0,0.5,1.0
375,0.24637681159420288,0.5,0.0,0.25,0.5,0.0,1.0,0.5,1.0,0.0,0.0,0.0,1.0
376,0.15942028985507245,0.5,0.0,0.25,0.5,0.0,1.0,0.5,1.0,0.0,0.0,0.0,1.0
377,0.1111111111111111,0.5,0.5,0.75,0.5,1.0,0.0,0.0,0.0,1.0,0.0,0.5,0.0
378,0.03864734299516909,0.5,0.5,0.75,0.5,1.0,0.0,0.0,0.0,1.0,0.0,0.5,0.0
379,0.14492753623188404,0.5,0.5,0.5,1.0,1.0,0.0,1.0,0.0,1.0,0.0,1.0,1.0
380,0.1111111111111111,0.5,1.0,0.25,0.0,0.0,0.0,0.5,1.0,0.0,1.0,0.0,0.0
381,0.0579710144927536,0.5,1.0,0.25,0.0,0.0,0.0,0.5,1.0,0.0,1.0,0.0,0.0
382,0.10628019323671495,0.5,1.0,0.25,0.0,0.0,0.0,0.5,1.0,0.0,1.0,0.0,0.0
383,0.17874396135265697,0.5,1.0,0.25,0.0,0.0,0.0,0.5,1.0,0.0,1.0,0.0,0.0
384,0.1545893719806763,1.0,0.5,0.5,1.0,0.0,1.0,0.0,0.0,1.0,1.0,0.0,1.0
385,0.17391304347826086,1.0,0.5,0.5,1.0,0.0,1.0,0.0,0.0,1.0,1.0,0.0,1.0
386,0.23671497584541057,0.0,0.5,0.75,0.5,1.0,1.0,0.5,1.0,0.0,1.0,1.0,1.0
387,0.2657004830917874,0.0,0.5,0.75,0.5,1.0,1.0,0.5,1.0,0.0,1.0,1.0,1.0
388,0.2995169082125604,0.0,0.5,0.75,0.5,1.0,1.0,0.5,1.0,0.0,1.0,1.0,1.0
389,0.20772946859903385,0.5,0.0,0.5,0.5,0.0,1.0,1.0,1.0,0.0,0.0,1.0,1.0
390,0.22705314009661837,0.5,0.0,0.5,0.5,0.0,1.0,1.0,1.0,0.0,0.0,1.0,1.0
391,0.2028985507246377,0.5,0.0,0.5,0.5,0.0,1.0,1.0,1.0,0.0,0.0,1.0,1.0
392,0.28985507246376807,0.5,0.0,0.5,0.5,0.0,1.0,1.0,1.0,0.0,0.0,1.0,1.0
393,0.10628019323671495,1.0,1.0,0.25,0.0,0.0,0.0,1.0,1.0,1.0,1.0,0.5,0.0
394,0.1159420289855072,1.0,1.0,0.25,0.0,0.0,0.0,1.0,1.0,1.0,1.0,0.5,0.0
395,0.03864734299516909,0.0,0.0,0.5,0.5,1.0,1.0,0.5,0.0,0.0,0.0,0.5,0.0
396,0.014492753623188415,0.0,0.0,0.5,0.5,1.0,1.0,0.5,0.0,0.0,0.0,0.5,0.0
397,0.053140096618357446,0.0,0.0,0.5,0.5,1.0,1.0,0.5,0.0,0.0,0.0,0.5,0.0
398,0.1159420289855072,1.0,1.0,0.75,1.0,0.0,0.0,0.5,0.0,1.0,1.0,1.0,1.0
399,0.12560386473429952,1.0,1.0,0.75,1.0,0.0,0.0,0.5,0.0,1.0,1.0,1.0,1.0
400,0.19323671497584538,0.5,0.0,0.0,0.0,1.0,1.0,1.0,1.0,1.0,0.0,0.0,0.0
401,0.03864734299516909,0.5,1.0,0.5,0.5,1.0,0.0,1.0,0.0,1.0,1.0,1.0,0.0
402,0.06763285024154586,0.5,1.0,0.5,0.5,1.0,0.0,1.0,0.0,1.0,1.0,1.0,0.0
403,0.09178743961352653,1.0,0.0,0.25,1.0,0.0,1.0,1.0,0.0,1.0,0.0,0.5,1.0
404,0.1159420289855072,0.5,0.0,0.25,1.0,0.0,1.0,0.5,0.0,0.0,0.0,0.0,1.0
405,0.13526570048309178,0.5,0.0,0.25,1.0,0.0,1.0,0.5,0.0,0.0,0.0,0.0,1.0
406,0.14009661835748793,0.5,0.0,0.25,1.0,0.0,1.0,0.5,0.0,0.0,0.0,0.0,1.0
407,0.13526570048309178,0.5,0.0,0.25,0.0,0.0,1.0,1.0,1.0,0.0,0.0,0.5,0.0
408,0.1159420289855072,0.5,0.0,0.25,0.0,0.0,1.0,1.0,1.0,0.0,0.0,0.5,0.0
409,0.13526570048309178,0.5,0.5,0.5,1.0,0.0,0.0,0.5,0.0,0.0,0.0,0.5,1.0
410,0.10144927536231885,0.5,0.5,0.5,1.0,0.0,0.0,0.5,0.0,0.0,0.0,0.5,1.0
411,0.28019323671497587,1.0,1.0,0.25,0.5,0.0,0.0,0.5,1.0,1.0,1.0,0.0,1.0
412,0.1545893719806763,1.0,1.0,0.25,0.5,0.0,0.0,0.5,1.0,1.0,1.0,0.0,1.0
413,0.24154589371980673,1.0,1.0,0.25,0.5,0.0,0.0,0.5,1.0,1.0,1.0,0.0,1.0
414,0.09178743961352653,0.5,1.0,0.75,1.0,1.0,0.0,0.0,0.0,1.0,1.0,0.5,1.0
415,0.14492753623188404,0.5,1.0,0.75,1.0,1.0,0.0,0.0,0.0,1.0,1.0,0.5,1.0
416,0.2560386473429952,0.5,1.0,0.75,1.0,1.0,0.0,0.0,0.0,1.0,1.0,0.5,1.0
417,0.08695652173913043,0.5,1.0,0.75,1.0,1.0,0.0,0.0,0.0,1.0,1.0,0.5,1.0
418,0.10144927536231885,0.5,0.5,0.25,0.0,1.0,1.0,0.5,1.0,1.0,1.0,0.0,0.0
419,0.25120772946859904,0.5,0.5,0.25,0.0,1.0,1.0,0.5,1.0,1.0,1.0,0.0,0.0
420,0.1111111111111111,0.5,0.5,0.25,0.0,1.0,1.0,0.5,1.0,1.0,1.0,0.0,0.0
421,0.13526570048309178,0.5,0.5,0.25,0.0,1.0,1.0,0.5,1.0,1.0,1.0,0.0,0.0
422,0.1642512077294686,0.5,0.5,0.25,0.0,1.0,1.0,0.5,1.0,1.0,1.0,0.0,0.0
423,0.1497584541062802,1.0,0.0,0.75,0.0,0.0,1.0,0.0,1.0,1.0,0.0,0.5,0.0
424,0.20772946859903385,1.0,0.0,0.75,0.0,0.0,1.0,0.0,1.0,1.0,0.0,0.5,0.0
425,0.17391304347826086,1.0,0.0,0.75,0.0,0.0,1.0,0.0,1.0,1.0,0.0,0.5,0.0
426,0.13043478260869562,1.0,0.5,0.75,0.0,0.0,0.0,0.5,1.0,1.0,0.0,1.0,0.0
427,0.19806763285024154,0.5,0.5,0.25,0.5,1.0,0.0,1.0,1.0,1.0,0.0,0.5,1.0
428,0.28019323671497587,0.5,0.5,0.25,0.5,1.0,0.0,1.0,1.0,1.0,0.0,0.5,1.0
429,0.13043478260869562,0.5,0.5,0.25,0.5,1.0,0.0,1.0,1.0,1.0,0.0,0.5,1.0
430,0.19806763285024154,0.0,1.0,0.5,0.5,1.0,0.0,0.5,1.0,0.0,1.0,0.5,1.0
431,0.23671497584541057,0.0,1.0,0.5,0.5,1.0,0.0,0.5,1.0,0.0,1.0,0.5,1.0
432,0.1159420289855072,1.0,0.5,0.0,1.0,0.0,0.0,1.0,0.0,1.0,0.0,0.0,1.0
433,0.09661835748792269,0.5,1.0,1.0,0.0,1.0,0.0,0.0,1.0,1.0,1.0,1.0,0.0
434,0.15942028985507245,0.5,1.0,1.0,0.0,1.0,0.0,0.0,1.0,1.0,1.0,1.0,0.0
435,0.1111111111111111,0.5,1.0,1.0,0.0,1.0,0.0,0.0,1.0,1.0,1.0,1.0,0.0
436,0.9275362318840579,0.5,1.0,1.0,0.0,1.0,0.0,0.0,1.0,1.0,1.0,1.0,0.0
437,0.13526570048309178,0.5,1.0,1.0,0.0,1.0,0.0,0.0,1.0,1.0,1.0,1.0,0.0
438,0.04347826086956519,0.5,0.0,0.5,0.5,1.0,1.0,1.0,0.0,1.0,0.0,1.0,0.0
439,0.2753623188405797,0.0,0.5,0.5,0.5,1.0,1.0,0.5,1.0,0.0,1.0,0.5,1.0
440,0.15942028985507245,0.0,0.5,0.5,0.5,1.0,1.0,0.5,1.0,0.0,1.0,0.5,1.0
441,0.2028985507246377,0.5,0.5,0.75,0.5,0.0,1.0,0.5,1.0,0.0,1.0,1.0,1.0
442,0.1111111111111111,1.0,0.5,0.0,0.0,0.0,1.0,1.0,1.0,1.0,1.0,0.0,0.0
443,0.10628019323671495,1.0,0.5,0.0,0.0,0.0,1.0,1.0,1.0,1.0,1.0,0.0,0.0
444,0.14009661835748793,1.0,0.5,0.0,0.0,0.0,1.0,1.0,1.0,1.0,1.0,0.0,0.0
445,0.13043478260869562,1.0,0.5,0.0,0.0,0.0,1.0,1.0,1.0,1.0,1.0,0.0,0.0
446,0.17874396135265697,0.5,0.0,0.75,1.0,1.0,1.0,0.0,0.0,1.0,0.0,0.5,1.0
447,0.13526570048309178,0.5,0.0,0.75,1.0,1.0,1.0,0.0,0.0,1.0,0.0,0.5,1.0
448,0.19806763285024154,0.5,0.0,0.75,1.0,1.0,1.0,0.0,0.0,1.0,0.0,0.5,1.0
449,0.17391304347826086,0.0,0.5,1.0,1.0,1.0,1.0,0.0,0.0,0.0,1.0,1.0,1.0
450,0.13043478260869562,0.0,0.5,1.0,1.0,1.0,1.0,0.0,0.0,0.0,1.0,1.0,1.0
451,0.1690821256038647,0.0,0.5,1.0,1.0,1.0,1.0,0.0,0.0,0.0,1.0,1.0,1.0
452,0.14492753623188404,0.0,0.5,1.0,1.0,1.0,1.0,0.0,0.0,0.0,1.0,1.0,1.0
453,0.12560386473429952,1.0,0.0,0.5,0.0,0.0,1.0,1.0,1.0,1.0,0.0,1.0,0.0
454,0.12560386473429952,0.0,0.5,0.0,1.0,1.0,0.0,1.0,0.0,0.0,0.0,0.0,1.0
455,0.2753623188405797,0.0,0.5,0.0,1.0,1.0,0.0,1.0,0.0,0.0,0.0,0.0,1.0
456,0.1159420289855072,0.5,0.5,0.75,0.0,0.0,1.0,0.5,1.0,0.0,1.0,1.0,0.0
457,0.08695652173913043,0.5,0.5,0.75,0.0,0.0,1.0,0.5,1.0,0.0,1.0,1.0,0.0
458,0.1497584541062802,0.5,0.5,0.75,0.0,0.0,1.0,0.5,1.0,0.0,1.0,1.0,0.0
459,0.1545893719806763,0.5,0.0,0.5,0.0,0.0,1.0,1.0,1.0,0.0,0.0,1.0,0.0
460,0.09661835748792269,0.5,0.0,0.5,0.0,0.0,1.0,1.0,1.0,0.0,0.0,1.0,0.0
461,0.14009661835748793,0.0,0.0,1.0,1.0,1.0,1.0,0.0,0.0,0.0,0.0,1.0,1.0
462,0.10144927536231885,0.0,0.0,1.0,1.0,1.0,1.0,0.0,0.0,0.0,0.0,1.0,1.0
463,0.12560386473429952,0.0,0.0,1.0,1.0,1.0,1.0,0.0,0.0,0.0,0.0,1.0,1.0
464,0.13043478260869562,1.0,1.0,0.5,1.0,0.0,0.0,0.5,0.0,1.0,1.0,0.5,1.0
465,0.13043478260869562,0.0,0.5,0.75,0.0,1.0,1.0,0.5,1.0,0.0,1.0,1.0,0.0
466,0.053140096618357446,0.0,0.5,0.75,0.0,1.0,1.0,0.5,1.0,0.0,1.0,1.0,0.0
467,0.07246376811594202,0.0,0.5,0.75,0.0,1.0,1.0,0.5,1.0,0.0,1.0,1.0,0.0
468,0.1545893719806763,0.0,0.5,0.5,0.5,1.0,1.0,1.0,1.0,0.0,1.0,1.0,1.0
469,0.27053140096618356,0.0,0.5,0.5,0.5,1.0,1.0,1.0,1.0,0.0,1.0,1.0,1.0
470,0.1545893719806763,0.5,0.5,0.25,1.0,1.0,1.0,0.5,0.0,1.0,1.0,0.0,1.0
471,0.18357487922705312,0.5,0.5,0.25,1.0,1.0,1.0,0.5,0.0,1.0,1.0,0.0,1.0
472,0.1642512077294686,0.0,0.0,0.5,0.0,1.0,1.0,0.0,1.0,0.0,0.0,0.0,0.0
473,0.09178743961352653,0.5,0.5,0.75,1.0,0.0,0.0,0.0,0.0,0.0,0.0,0.5,1.0
474,0.07729468599033817,0.5,0.5,0.75,1.0,0.0,0.0,0.0,0.0,0.0,0.0,0.5,1.0
475,0.1159420289855072,0.5,0.5,0.75,1.0,0.0,0.0,0.0,0.0,0.0,0.0,0.5,1.0
476,0.08212560386473428,0.5,0.5,0.75,0.0,0.0,0.0,0.5,1.0,0.0,0.0,1.0,0.0
477,0.10628019323671495,0.5,0.5,0.75,0.0,0.0,0.0,0.5,1.0,0.0,0.0,1.0,0.0
478,0.19806763285024154,0.5,0.0,0.5,0.5,1.0,1.0,0.5,1.0,1.0,0.0,0.5,1.0
479,0.2657004830917874,0.5,0.0,0.5,0.5,1.0,1.0,0.5,1.0,1.0,0.0,0.5,1.0
480,0.26086956521739124,0.5,0.0,0.5,0.5,1.0,1.0,0.5,1.0,1.0,0.0,0.5,1.0
481,0.3961352657004831,0.5,0.0,0.5,0.5,1.0,1.0,0.5,1.0,1.0,0.0,0.5,1.0
482,0.10144927536231885,0.5,0.5,0.25,0.0,1.0,0.0,0.5,1.0,1.0,0.0,0.0,0.0
483,0.14492753623188404,0.5,0.5,0.25,0.0,1.0,0.0,0.5,1.0,1.0,0.0,0.0,0.0
484,0.13043478260869562,0.5,0.5,0.25,0.0,1.0,0.0,0.5,1.0,1.0,0.0,0.0,0.0
485,0.0579710144927536,0.5,0.5,0.25,0.0,1.0,0.0,0.5,1.0,1.0,0.0,0.0,0.0
486,0.12077294685990336,0.5,0.5,0.25,0.0,1.0,0.0,0.5,1.0,1.0,0.0,0.0,0.0
487,0.14009661835748793,0.5,0.5,0.5,1.0,1.0,0.0,0.0,0.0,1.0,0.0,0.0,1.0
488,0.10144927536231885,0.5,0.5,0.5,1.0,1.0,0.0,0.0,0.0,1.0,0.0,0.0,1.0
489,0.14492753623188404,1.0,1.0,0.0,0.5,0.0,0.0,1.0,1.0,1.0,1.0,0.0,1.0
490,0.3188405797101449,1.0,1.0,0.0,0.5,0.0,0.0,1.0,1.0,1.0,1.0,0.0,1.0
491,0.2995169082125604,0.0,0.5,1.0,0.5,1.0,1.0,0.0,1.0,0.0,1.0,1.0,1.0
492,0.17874396135265697,0.0,0.5,1.0,0.5,1.0,1.0,0.0,1.0,0.0,1.0,1.0,1.0
493,0.25120772946859904,0.0,0.5,1.0,0.5,1.0,1.0,0.0,1.0,0.0,1.0,1.0,1.0
494,0.26086956521739124,0.0,0.5,1.0,0.5,1.0,1.0,0.0,1.0,0.0,1.0,1.0,1.0
495,0.07729468599033817,0.5,0.0,0.25,1.0,0.0,1.0,1.0,0.0,0.0,0.0,0.5,1.0
496,0.12560386473429952,0.5,0.0,0.25,1.0,0.0,1.0,1.0,0.0,0.0,0.0,0.5,1.0
497,0.10628019323671495,0.5,0.0,0.25,1.0,0.0,1.0,1.0,0.0,0.0,0.0,0.5,1.0
498,0.07729468599033817,0.0,0.5,0.5,0.5,1.0,0.0,0.5,0.0,0.0,0.0,0.5,0.0
499,0.0579710144927536,0.0,0.5,0.5,0.5,1.0,0.0,0.5,0.0,0.0,0.0,0.5,0.0
500,0.009661835748792258,0.0,0.5,0.5,0.5,1.0,0.0,0.5,0.0,0.0,0.0,0.5,0.0
501,0.03381642512077293,0.0,0.5,0.5,0.5,1.0,0.0,0.5,0.0,0.0,0.0,0.5,0.0
502,0.09178743961352653,0.0,0.5,0.25,0.5,1.0,1.0,1.0,0.0,0.0,1.0,0.5,0.0
503,0.04347826086956519,0.0,0.5,0.25,0.5,1.0,1.0,1.0,0.0,0.0,1.0,0.5,0.0
504,0.024154589371980673,0.0,0.5,0.25,0.5,1.0,1.0,1.0,0.0,0.0,1.0,0.5,0.0
505,0.21739130434782605,0.5,0.5,1.0,0.5,1.0,1.0,0.0,1.0,1.0,1.0,1.0,1.0
506,0.18840579710144928,0.5,0.5,1.0,0.5,1.0,1.0,0.0,1.0,1.0,1.0,1.0,1.0
507,0.18357487922705312,0.5,0.5,1.0,0.5,1.0,1.0,0.0,1.0,1.0,1.0,1.0,1.0
508,0.06763285024154586,0.5,1.0,0.5,0.0,0.0,0.0,1.0,1.0,0.0,1.0,1.0,0.0
509,0.07729468599033817,1.0,0.0,0.25,0.5,0.0,1.0,1.0,0.0,1.0,0.0,0.5,0.0
510,0.17874396135265697,0.0,1.0,0.25,0.5,1.0,0.0,0.5,1.0,0.0,1.0,0.0,1.0
511,0.21739130434782605,1.0,0.0,0.5,0.5,0.0,1.0,0.0,1.0,1.0,0.0,0.0,1.0
512,0.22705314009661837,1.0,0.0,0.5,0.5,0.0,1.0,0.0,1.0,1.0,0.0,0.0,1.0
513,0.24154589371980673,1.0,0.0,0.5,0.5,0.0,1.0,0.0,1.0,1.0,0.0,0.0,1.0
514,0.1545893719806763,1.0,1.0,0.75,0.0,0.0,0.0,0.5,1.0,1.0,1.0,1.0,0.0
515,0.15942028985507245,0.5,0.0,0.25,1.0,1.0,1.0,1.0,0.0,1.0,0.0,0.5,1.0
516,0.17874396135265697,0.5,0.0,0.25,1.0,1.0,1.0,1.0,0.0,1.0,0.0,0.5,1.0
517,0.10628019323671495,0.5,0.0,0.25,1.0,1.0,1.0,1.0,0.0,1.0,0.0,0.5,1.0
518,0.1642512077294686,0.5,0.0,0.25,1.0,1.0,1.0,1.0,0.0,1.0,0.0,0.5,1.0
519,0.12077294685990336,0.5,0.5,0.5,0.0,1.0,0.0,0.5,1.0,1.0,0.0,0.5,0.0
520,0.07729468599033817,0.5,0.5,0.5,0.0,1.0,0.0,0.5,1.0,1.0,0.0,0.5,0.0
521,0.1545893719806763,0.0,1.0,0.5,1.0,1.0,0.0,0.5,0.0,0.0,1.0,0.5,1.0
522,0.1642512077294686,0.0,1.0,0.5,1.0,1.0,0.0,0.5,0.0,0.0,1.0,0.5,1.0
523,0.10144927536231885,0.5,0.5,0.0,0.0,0.0,0.0,1.0,1.0,0.0,0.0,0.0,0.0
524,0.07729468599033817,0.5,0.5,0.0,0.0,0.0,0.0,1.0,1.0,0.0,0.0,0.0,0.0
525,0.09178743961352653,0.5,0.5,0.0,0.0,0.0,0.0,1.0,1.0,0.0,0.0,0.0,0.0
526,0.13043478260869562,1.0,1.0,0.0,1.0,0.0,0.0,1.0,0.0,1.0,1.0,0.0,1.0
527,0.10144927536231885,1.0,0.5,1.0,0.0,0.0,0.0,0.0,1.0,1.0,0.0,1.0,0.0
528,0.14009661835748793,1.0,0.5,1.0,0.0,0.0,0.0,0.0,1.0,1.0,0.0,1.0,0.0
529,0.13526570048309178,0.0,1.0,0.0,1.0,1.0,0.0,1.0,0.0,0.0,1.0,0.0,1.0
530,0.09661835748792269,0.0,1.0,0.0,1.0,1.0,0.0,1.0,0.0,0.0,1.0,0.0,1.0
531,0.12560386473429952,0.0,1.0,0.0,1.0,1.0,0.0,1.0,0.0,0.0,1.0,0.0,1.0
532,0.14009661835748793,0.0,0.5,1.0,1.0,1.0,0.0,0.0,0.0,0.0,0.0,1.0,1.0
533,0.17874396135265697,0.0,0.5,1.0,1.0,1.0,0.0,0.0,0.0,0.0,0.0,1.0,1.0
534,0.2222222222222222,0.0,0.5,0.25,0.5,1.0,0.0,1.0,1.0,0.0,0.0,0.5,1.0
535,0.19806763285024154,0.0,0.5,0.25,0.5,1.0,0.0,1.0,1.0,0.0,0.0,0.5,1.0
536,0.2125603864734299,0.0,0.5,0.25,0.5,1.0,0.0,1.0,1.0,0.0,0.0,0.5,1.0
537,0.18840579710144928,0.0,0.5,0.25,0.5,1.0,0.0,1.0,1.0,0.0,0.0,0.5,1.0
538,0.28019323671497587,0.0,0.5,0.25,0.5,1.0,0.0,1.0,1.0,0.0,0.0,0.5,1.0
539,0.2946859903381642,1.0,1.0,0.5,0.5,0.0,0.0,1.0,1.0,1.0,1.0,1.0,1.0
540,0.15942028985507245,0.5,0.5,0.5,1.0,0.0,1.0,0.0,0.0,0.0,1.0,0.0,1.0
541,0.13526570048309178,0.5,0.5,0.5,1.0,0.0,1.0,0.0,0.0,0.0,1.0,0.0,1.0
542,0.09661835748792269,0.5,0.5,0.5,1.0,0.0,1.0,0.0,0.0,0.0,1.0,0.0,1.0
543,0.1545893719806763,0.5,1.0,0.75,1.0,0.0,0.0,0.5,0.0,0.0,1.0,1.0,1.0
544,0.14009661835748793,0.5,1.0,0.75,1.0,0.0,0.0,0.5,0.0,0.0,1.0,1.0,1.0
545,0.10628019323671495,0.5,1.0,0.75,1.0,0.0,0.0,0.5,0.0,0.0,1.0,1.0,1.0
546,0.1545893719806763,1.0,0.5,0.5,0.0,0.0,1.0,1.0,1.0,1.0,1.0,1.0,0.0
547,0.1642512077294686,0.5,0.0,1.0,0.5,0.0,1.0,0.0,1.0,0.0,0.0,1.0,1.0
548,0.2222222222222222,1.0,0.5,0.0,0.5,0.0,0.0,1.0,1.0,1.0,0.0,0.0,1.0
549,0.1642512077294686,0.5,0.5,0.75,0.0,1.0,0.0,0.0,1.0,1.0,0.0,0.5,0.0
550,0.08695652173913043,0.5,0.5,0.75,0.0,1.0,0.0,0.0,1.0,1.0,0.0,0.5,0.0
551,0.12077294685990336,0.5,0.5,0.75,0.0,1.0,0.0,0.0,1.0,1.0,0.0,0.5,0.0
552,0.18357487922705312,0.0,0.0,1.0,0.0,1.0,1.0,0.0,1.0,0.0,0.0,1.0,0.0
553,0.17874396135265697,0.0,0.0,1.0,0.0,1.0,1.0,0.0,1.0,0.0,0.0,1.0,0.0
554,0.1545893719806763,0.0,0.0,1.0,0.0,1.0,1.0,0.0,1.0,0.0,0.0,1.0,0.0
555,0.12077294685990336,0.0,0.0,1.0,0.0,1.0,1.0,0.0,1.0,0.0,0.0,1.0,0.0
556,0.19323671497584538,0.0,0.0,1.0,0.0,1.0,1.0,0.0,1.0,0.0,0.0,1.0,0.0
557,0.1690821256038647,1.0,1.0,0.75,0.0,0.0,0.0,0.0,1.0,1.0,1.0,0.5,0.0
558,0.17391304347826086,1.0,1.0,0.75,0.0,0.0,0.0,0.0,1.0,1.0,1.0,0.5,0.0
559,0.1111111111111111,0.5,0.5,0.25,1.0,1.0,0.0,0.5,0.0,1.0,0.0,0.0,1.0
560,0.09178743961352653,0.5,0.5,0.25,1.0,1.0,0.0,0.5,0.0,1.0,0.0,0.0,1.0
561,0.8792270531400965,0.5,0.5,0.25,1.0,1.0,0.0,0.5,0.0,1.0,0.0,0.0,1.0
562,0.10628019323671495,0.5,0.5,0.25,1.0,1.0,0.0,0.5,0.0,1.0,0.0,0.0,1.0
563,0.1159420289855072,0.5,0.5,0.25,1.0,1.0,0.0,0.5,0.0,1.0,0.0,0.0,1.0
564,0.1642512077294686,1.0,0.5,0.75,0.0,0.0,1.0,0.5,1.0,1.0,1.0,1.0,0.0
565,0.1690821256038647,0.0,1.0,0.75,0.5,1.0,0.0,0.5,1.0,0.0,1.0,1.0,1.0
566,0.028985507246376774,0.0,0.0,0.5,0.5,1.0,1.0,1.0,0.0,0.0,0.0,1.0,0.0
567,0.03381642512077293,0.0,0.0,0.5,0.5,1.0,1.0,1.0,0.0,0.0,0.0,1.0,0.0
568,0.14009661835748793,0.0,0.0,0.5,0.0,1.0,1.0,0.5,1.0,0.0,0.0,0.5,0.0
569,0.053140096618357446,1.0,0.5,0.25,0.5,0.0,0.0,1.0,0.0,1.0,0.0,0.5,0.0
570,0.014492753623188415,0.5,1.0,0.25,0.5,1.0,0.0,0.5,0.0,1.0,1.0,0.0,0.0
571,0.08695652173913043,0.5,1.0,0.25,0.5,1.0,0.0,0.5,0.0,1.0,1.0,0.0,0.0
572,0.08695652173913043,1.0,0.5,0.5,1.0,0.0,1.0,1.0,0.0,1.0,1.0,1.0,1.0
573,0.12077294685990336,1.0,0.5,0.5,1.0,0.0,1.0,1.0,0.0,1.0,1.0,1.0,1.0
574,0.07246376811594202,1.0,0.5,0.5,1.0,0.0,1.0,1.0,0.0,1.0,1.0,1.0,1.0
575,0.10144927536231885,0.0,0.5,0.0,0.0,1.0,1.0,1.0,1.0,0.0,1.0,0.0,0.0
576,0.18357487922705312,0.0,0.5,0.0,0.0,1.0,1.0,1.0,1.0,0.0,1.0,0.0,0.0
577,0.07729468599033817,0.0,1.0,0.25,1.0,1.0,0.0,0.5,0.0,0.0,1.0,0.0,1.0
578,0.08695652173913043,0.0,1.0,0.25,1.0,1.0,0.0,0.5,0.0,0.0,1.0,0.0,1.0
579,0.10144927536231885,0.0,1.0,0.25,1.0,1.0,0.0,0.5,0.0,0.0,1.0,0.0,1.0
580,0.09661835748792269,0.0,1.0,0.25,1.0,1.0,0.0,0.5,0.0,0.0,1.0,0.0,1.0
581,0.1642512077294686,0.0,1.0,0.25,1.0,1.0,0.0,0.5,0.0,0.0,1.0,0.0,1.0
582,0.10628019323671495,1.0,0.0,0.25,1.0,0.0,1.0,0.5,0.0,1.0,0.0,0.0,1.0
583,0.1159420289855072,1.0,0.0,0.25,1.0,0.0,1.0,0.5,0.0,1.0,0.0,0.0,1.0
584,0.07729468599033817,0.5,1.0,0.25,0.0,1.0,0.0,1.0,1.0,1.0,1.0,0.5,0.0
585,0.1690821256038647,0.5,1.0,0.25,0.0,1.0,0.0,1.0,1.0,1.0,1.0,0.5,0.0
586,0.08212560386473428,0.5,1.0,0.25,0.0,1.0,0.0,1.0,1.0,1.0,1.0,0.5,0.0
587,0.10144927536231885,1.0,0.0,0.75,0.0,0.0,1.0,0.5,1.0,1.0,0.0,1.0,0.0
588,0.07246376811594202,0.0,0.5,0.0,0.5,1.0,0.0,1.0,0.0,0.0,0.0,0.0,0.0
589,0.053140096618357446,0.0,0.5,0.0,0.5,1.0,0.0,1.0,0.0,0.0,0.0,0.0,0.0
590,0.12077294685990336,0.5,0.5,1.0,1.0,0.0,0.0,0.0,0.0,0.0,0.0,1.0,1.0
591,0.10144927536231885,0.5,1.0,0.5,0.0,1.0,0.0,1.0,1.0,1.0,1.0,1.0,0.0
592,0.1497584541062802,0.5,1.0,0.5,0.0,1.0,0.0,1.0,1.0,1.0,1.0,1.0,0.0
593,0.2028985507246377,1.0,1.0,0.5,1.0,0.0,0.0,1.0,0.0,1.0,1.0,1.0,1.0
594,0.06280193236714976,1.0,1.0,0.5,1.0,0.0,0.0,1.0,0.0,1.0,1.0,1.0,1.0
595,0.1159420289855072,1.0,1.0,0.25,1.0,0.0,0.0,1.0,0.0,1.0,1.0,0.5,1.0
596,0.26086956521739124,1.0,1.0,0.25,1.0,0.0,0.0,1.0,0.0,1.0,1.0,0.5,1.0
597,0.24154589371980673,0.5,1.0,1.0,0.5,0.0,0.0,0.0,1.0,0.0,1.0,1.0,1.0
598,0.0579710144927536,1.0,0.0,0.5,0.5,0.0,1.0,0.0,0.0,1.0,0.0,0.0,0.0
599,0.07246376811594202,1.0,0.0,0.5,0.5,0.0,1.0,0.0,0.0,1.0,0.0,0.0,0.0
600,0.03864734299516909,1.0,0.0,0.5,0.5,0.0,1.0,0.0,0.0,1.0,0.0,0.0,0.0
601,0.04347826086956519,0.0,0.5,1.0,0.5,1.0,0.0,0.0,0.0,0.0,0.0,1.0,0.0
602,0.18840579710144928,1.0,0.5,0.5,0.5,0.0,1.0,1.0,1.0,1.0,1.0,1.0,1.0
603,0.09178743961352653,1.0,0.0,0.5,1.0,0.0,1.0,0.0,0.0,1.0,0.0,0.0,1.0
604,0.13526570048309178,1.0,0.0,0.5,1.0,0.0,1.0,0.0,0.0,1.0,0.0,0.0,1.0
605,0.12560386473429952,1.0,0.0,0.5,1.0,0.0,1.0,0.0,0.0,1.0,0.0,0.0,1.0
606,0.9130434782608696,1.0,0.0,0.5,1.0,0.0,1.0,0.0,0.0,1.0,0.0,0.0,1.0
607,0.12560386473429952,0.5,0.5,0.0,0.0,0.0,1.0,1.0,1.0,0.0,1.0,0.0,0.0
608,0.13043478260869562,0.5,0.5,0.0,0.0,0.0,1.0,1.0,1.0,0.0,1.0,0.0,0.0
609,0.024154589371980673,0.0,0.0,1.0,0.5,1.0,1.0,0.0,0.0,0.0,0.0,1.0,0.0
610,0.23671497584541057,1.0,0.5,0.5,0.5,0.0,0.0,1.0,0.0,1.0,0.0,1.0,0.0
611,0.06280193236714976,1.0,0.5,0.5,0.5,0.0,0.0,1.0,0.0,1.0,0.0,1.0,0.0
612,0.048309178743961345,1.0,0.5,0.5,0.5,0.0,0.0,1.0,0.0,1.0,0.0,1.0,0.0
613,0.2222222222222222,0.5,1.0,0.5,1.0,1.0,0.0,1.0,0.0,1.0,1.0,1.0,1.0
614,0.10144927536231885,0.0,0.0,0.0,0.5,1.0,1.0,1.0,1.0,0.0,0.0,0.0,1.0
615,0.24154589371980673,0.0,0.0,0.0,0.5,1.0,1.0,1.0,1.0,0.0,0.0,0.0,1.0
616,0.2560386473429952,0.0,0.0,0.0,0.5,1.0,1.0,1.0,1.0,0.0,0.0,0.0,1.0
617,0.1642512077294686,0.0,0.0,0.0,0.5,1.0,1.0,1.0,1.0,0.0,0.0,0.0,1.0
618,0.15942028985507245,0.5,1.0,0.5,0.5,0.0,0.0,0.0,1.0,0.0,1.0,0.0,1.0
619,0.1111111111111111,0.5,1.0,0.5,0.5,1.0,0.0,0.5,1.0,1.0,1.0,0.5,1.0
620,0.0579710144927536,0.5,0.0,0.25,0.0,1.0,1.0,0.5,1.0,1.0,0.0,0.0,0.0
621,0.07729468599033817,1.0,0.5,0.5,0.5,0.0,1.0,1.0,0.0,1.0,1.0,1.0,0.0
622,0.26086956521739124,1.0,0.5,1.0,0.5,0.0,1.0,0.0,1.0,1.0,1.0,1.0,1.0
623,0.17874396135265697,0.5,0.0,0.0,0.5,1.0,1.0,1.0,1.0,1.0,0.0,0.0,1.0
624,0.10144927536231885,1.0,0.0,0.5,1.0,0.0,1.0,0.5,0.0,1.0,0.0,0.5,1.0
625,0.14492753623188404,1.0,0.0,0.5,1.0,0.0,1.0,0.5,0.0,1.0,0.0,0.5,1.0
626,0.08212560386473428,1.0,0.0,0.5,1.0,0.0,1.0,0.5,0.0,1.0,0.0,0.5,1.0
627,0.1545893719806763,1.0,0.5,0.5,1.0,0.0,0.0,1.0,0.0,1.0,0.0,1.0,1.0
628,0.04347826086956519,0.5,0.5,0.0,0.5,0.0,1.0,1.0,0.0,0.0,1.0,0.0,0.0
629,0.009661835748792258,0.5,0.5,0.0,0.5,0.0,1.0,1.0,0.0,0.0,1.0,0.0,0.0
630,0.07246376811594202,0.5,0.5,0.0,0.5,0.0,1.0,1.0,0.0,0.0,1.0,0.0,0.0
631,0.1545893719806763,0.0,0.5,0.75,1.0,1.0,1.0,0.0,0.0,0.0,1.0,0.5,1.0
632,0.22705314009661837,1.0,0.0,0.75,0.5,0.0,1.0,0.5,1.0,1.0,0.0,1.0,1.0
633,0.18357487922705312,1.0,0.0,0.75,0.5,0.0,1.0,0.5,1.0,1.0,0.0,1.0,1.0
634,0.019323671497584516,0.0,1.0,0.5,0.5,1.0,0.0,0.0,0.0,0.0,1.0,0.0,0.0
635,0.06280193236714976,0.0,1.0,0.5,0.0,1.0,0.0,1.0,1.0,0.0,1.0,1.0,0.0
636,0.09178743961352653,0.0,1.0,0.5,0.0,1.0,0.0,1.0,1.0,0.0,1.0,1.0,0.0
637,0.07246376811594202,0.0,1.0,0.5,0.0,1.0,0.0,1.0,1.0,0.0,1.0,1.0,0.0
638,0.17391304347826086,0.5,0.0,1.0,0.5,1.0,1.0,0.0,1.0,1.0,0.0,1.0,1.0
639,0.24637681159420288,0.5,0.0,1.0,0.5,1.0,1.0,0.0,1.0,1.0,0.0,1.0,1.0
640,0.14492753623188404,0.0,0.5,0.25,0.5,1.0,1.0,0.5,1.0,0.0,1.0,0.0,1.0
641,0.21739130434782605,0.0,0.5,0.25,0.5,1.0,1.0,0.5,1.0,0.0,1.0,0.0,1.0
642,0.12560386473429952,1.0,0.5,0.0,1.0,0.0,1.0,1.0,0.0,1.0,1.0,0.0,1.0
643,0.2125603864734299,0.5,1.0,1.0,0.5,1.0,0.0,0.0,1.0,1.0,1.0,1.0,1.0
644,0.14009661835748793,1.0,1.0,0.25,1.0,0.0,0.0,0.5,0.0,1.0,1.0,0.0,1.0
645,0.1690821256038647,1.0,0.0,0.25,0.0,0.0,1.0,0.5,1.0,1.0,0.0,0.0,0.0
646,0.13043478260869562,1.0,0.0,0.25,0.0,0.0,1.0,0.5,1.0,1.0,0.0,0.0,0.0
647,0.07246376811594202,1.0,0.0,0.25,0.0,0.0,1.0,0.5,1.0,1.0,0.0,0.0,0.0
648,0.1497584541062802,1.0,0.0,0.25,0.0,0.0,1.0,0.5,1.0,1.0,0.0,0.0,0.0
649,0.09661835748792269,1.0,0.0,0.25,0.0,0.0,1.0,0.5,1.0,1.0,0.0,0.0,0.0
650,0.12560386473429952,1.0,0.0,0.75,1.0,0.0,1.0,0.0,0.0,1.0,0.0,0.5,1.0
651,0.1545893719806763,0.5,1.0,0.75,0.0,1.0,0.0,0.5,1.0,1.0,1.0,1.0,0.0
652,0.2125603864734299,0.5,1.0,0.75,0.0,1.0,0.0,0.5,1.0,1.0,1.0,1.0,0.0
653,0.13043478260869562,0.5,0.5,0.5,1.0,1.0,1.0,1.0,0.0,1.0,1.0,1.0,1.0
654,0.12560386473429952,0.5,0.5,0.5,1.0,1.0,1.0,1.0,0.0,1.0,1.0,1.0,1.0
655,0.17874396135265697,0.5,0.5,0.75,0.5,0.0,0.0,0.5,1.0,0.0,0.0,1.0,1.0
656,0.20772946859903385,0.5,0.5,0.75,0.5,0.0,0.0,0.5,1.0,0.0,0.0,1.0,1.0
657,0.2125603864734299,0.0,1.0,0.5,0.5,1.0,0.0,1.0,1.0,0.0,1.0,1.0,1.0
658,0.18357487922705312,0.0,1.0,0.5,0.5,1.0,0.0,1.0,1.0,0.0,1.0,1.0,1.0
659,0.17391304347826086,0.0,1.0,0.5,0.5,1.0,0.0,1.0,1.0,0.0,1.0,1.0,1.0
660,0.17874396135265697,0.5,0.5,0.75,0.5,0.0,1.0,0.0,1.0,0.0,1.0,0.5,1.0
661,0.19323671497584538,0.5,0.5,0.75,0.5,0.0,1.0,0.0,1.0,0.0,1.0,0.5,1.0
662,0.2560386473429952,0.5,0.5,0.75,0.5,0.0,1.0,0.0,1.0,0.0,1.0,0.5,1.0
663,0.12560386473429952,1.0,0.0,0.5,0.5,0.0,1.0,0.5,1.0,1.0,0.0,0.5,1.0
664,0.25120772946859904,1.0,0.0,0.5,0.5,0.0,1.0,0.5,1.0,1.0,0.0,0.5,1.0
665,0.22705314009661837,0.0,1.0,0.0,0.5,1.0,0.0,1.0,1.0,0.0,1.0,0.0,1.0
666,0.2657004830917874,0.0,1.0,0.0,0.5,1.0,0.0,1.0,1.0,0.0,1.0,0.0,1.0
667,0.18357487922705312,0.0,1.0,0.0,0.5,1.0,0.0,1.0,1.0,0.0,1.0,0.0,1.0
668,0.26086956521739124,0.0,0.5,0.5,0.5,1.0,0.0,0.0,1.0,0.0,0.0,0.0,1.0
669,0.17874396135265697,0.0,0.5,0.5,0.5,1.0,0.0,0.0,1.0,0.0,0.0,0.0,1.0
670,0.2028985507246377,0.0,0.5,0.5,0.5,1.0,0.0,0.0,1.0,0.0,0.0,0.0,1.0
671,0.1111111111111111,0.5,0.5,0.5,0.0,0.0,0.0,0.0,1.0,0.0,0.0,0.0,0.0
672,0.08212560386473428,1.0,0.5,0.5,0.0,0.0,0.0,0.5,1.0,1.0,0.0,0.5,0.0
673,0.1159420289855072,1.0,0.5,0.5,0.0,0.0,0.0,0.5,1.0,1.0,0.0,0.5,0.0
674,0.0,0.0,1.0,0.5,0.5,1.0,0.0,0.5,0.0,0.0,1.0,0.5,0.0
675,0.03864734299516909,0.0,1.0,0.5,0.5,1.0,0.0,0.5,0.0,0.0,1.0,0.5,0.0
676,0.014492753623188415,0.0,1.0,0.5,0.5,1.0,0.0,0.5,0.0,0.0,1.0,0.5,0.0
677,0.0579710144927536,0.0,1.0,0.5,0.5,1.0,0.0,0.5,0.0,0.0,1.0,0.5,0.0
678,0.21739130434782605,0.0,0.0,0.5,0.5,1.0,1.0,0.0,1.0,0.0,0.0,0.0,1.0
679,0.2222222222222222,0.0,0.0,0.5,0.5,1.0,1.0,0.0,1.0,0.0,0.0,0.0,1.0
680,0.17391304347826086,0.0,0.0,0.5,0.5,1.0,1.0,0.0,1.0,0.0,0.0,0.0,1.0
681,0.10628019323671495,1.0,0.5,0.75,0.0,0.0,0.0,0.0,1.0,1.0,0.0,0.5,0.0
682,0.22705314009661837,1.0,0.5,0.75,0.0,0.0,0.0,0.0,1.0,1.0,0.0,0.5,0.0
683,0.053140096618357446,0.0,0.5,0.5,0.5,1.0,1.0,0.0,0.0,0.0,1.0,0.0,0.0
684,0.0579710144927536,0.5,0.0,0.0,0.5,1.0,1.0,1.0,0.0,1.0,0.0,0.0,0.0
685,0.13526570048309178,0.0,0.5,0.75,1.0,1.0,0.0,0.5,0.0,0.0,0.0,1.0,1.0
686,0.13526570048309178,1.0,1.0,0.25,0.5,0.0,0.0,1.0,1.0,1.0,1.0,0.5,1.0
687,0.1642512077294686,0.0,0.5,0.5,0.0,1.0,1.0,0.0,1.0,0.0,1.0,0.0,0.0
688,0.08212560386473428,1.0,0.5,0.5,0.5,0.0,1.0,0.0,0.0,1.0,1.0,0.0,0.0
689,0.019323671497584516,1.0,0.5,0.5,0.5,0.0,1.0,0.0,0.0,1.0,1.0,0.0,0.0
690,0.2222222222222222,0.5,1.0,0.75,0.5,0.0,0.0,0.0,1.0,0.0,1.0,0.5,1.0
691,0.12077294685990336,0.5,1.0,0.75,0.5,0.0,0.0,0.0,1.0,0.0,1.0,0.5,1.0
692,0.21739130434782605,0.5,1.0,0.75,0.5,0.0,0.0,0.0,1.0,0.0,1.0,0.5,1.0
693,0.03864734299516909,0.0,0.5,0.5,0.5,1.0,0.0,0.0,0.0,0.0,0.0,0.0,0.0
694,0.03381642512077293,1.0,1.0,0.5,0.5,0.0,0.0,0.0,0.0,1.0,1.0,0.0,0.0
695,0.1159420289855072,1.0,1.0,0.5,0.5,0.0,0.0,0.0,0.0,1.0,1.0,0.0,0.0
696,0.3719806763285024,0.5,1.0,0.5,0.5,1.0,0.0,0.0,1.0,1.0,1.0,0.0,1.0
697,0.024154589371980673,0.0,0.0,0.75,0.5,1.0,1.0,0.0,0.0,0.0,0.0,0.5,0.0
698,0.053140096618357446,0.0,0.0,0.75,0.5,1.0,1.0,0.0,0.0,0.0,0.0,0.5,0.0
699,0.019323671497584516,0.0,0.0,0.75,0.5,1.0,1.0,0.0,0.0,0.0,0.0,0.5,0.0
700,0.0579710144927536,1.0,0.5,1.0,0.5,0.0,0.0,0.0,0.0,1.0,0.0,1.0,0.0
701,0.048309178743961345,1.0,0.5,1.0,0.5,0.0,0.0,0.0,0.0,1.0,0.0,1.0,0.0
702,0.014492753623188415,1.0,0.5,1.0,0.5,0.0,0.0,0.0,0.0,1.0,0.0,1.0,0.0
703,0.053140096618357446,1.0,0.5,1.0,0.5,0.0,0.0,0.0,0.0,1.0,0.0,1.0,0.0
704,0.1690821256038647,0.5,0.5,0.25,0.5,0.0,0.0,0.5,1.0,0.0,0.0,0.0,1.0
705,0.19806763285024154,0.5,0.5,0.25,0.5,0.0,0.0,0.5,1.0,0.0,0.0,0.0,1.0
706,0.09178743961352653,0.5,0.5,0.0,0.0,1.0,0.0,1.0,1.0,1.0,0.0,0.0,0.0
707,0.10628019323671495,0.5,0.5,0.0,0.0,1.0,0.0,1.0,1.0,1.0,0.0,0.0,0.0
708,0.10144927536231885,0.5,0.5,0.0,0.0,1.0,0.0,1.0,1.0,1.0,0.0,0.0,0.0
709,0.09661835748792269,0.0,0.5,0.5,0.0,1.0,0.0,0.0,1.0,0.0,0.0,0.0,0.0
710,0.14492753623188404,0.0,0.5,0.5,0.0,1.0,0.0,0.0,1.0,0.0,0.0,0.0,0.0
711,0.09178743961352653,0.5,0.5,1.0,0.0,0.0,0.0,0.0,1.0,0.0,0.0,1.0,0.0
712,0.014492753623188415,0.5,1.0,0.25,0.5,0.0,0.0,1.0,0.0,0.0,1.0,0.5,0.0
713,0.0579710144927536,0.5,1.0,0.25,0.5,0.0,0.0,1.0,0.0,0.0,1.0,0.5,0.0
714,0.09661835748792269,1.0,0.5,0.5,0.5,0.0,1.0,0.5,0.0,1.0,1.0,0.5,0.0
715,0.09178743961352653,1.0,0.5,0.5,0.5,0.0,1.0,0.5,0.0,1.0,1.0,0.5,0.0
716,0.12560386473429952,1.0,0.5,0.5,0.5,0.0,1.0,0.5,0.0,1.0,1.0,0.5,0.0
717,0.04347826086956519,1.0,0.5,0.5,0.5,0.0,1.0,0.5,0.0,1.0,1.0,0.5,0.0
718,0.024154589371980673,1.0,0.5,0.5,0.5,0.0,1.0,0.5,0.0,1.0,1.0,0.5,0.0
719,0.1111111111111111,0.5,0.0,1.0,0.0,0.0,1.0,0.0,1.0,0.0,0.0,1.0,0.0
720,0.17391304347826086,0.5,0.0,1.0,0.0,0.0,1.0,0.0,1.0,0.0,0.0,1.0,0.0
721,0.14009661835748793,0.5,0.0,1.0,0.0,0.0,1.0,0.0,1.0,0.0,0.0,1.0,0.0
722,0.19323671497584538,1.0,0.5,1.0,1.0,0.0,1.0,0.0,0.0,1.0,1.0,1.0,1.0
723,0.1111111111111111,1.0,0.5,1.0,1.0,0.0,1.0,0.0,0.0,1.0,1.0,1.0,1.0
724,0.048309178743961345,1.0,0.5,0.0,0.5,0.0,0.0,1.0,0.0,1.0,0.0,0.0,0.0
725,0.2753623188405797,0.0,0.5,0.0,0.5,1.0,1.0,1.0,1.0,0.0,1.0,0.0,1.0
726,0.03381642512077293,0.5,0.0,0.5,0.5,0.0,1.0,0.0,0.0,0.0,0.0,0.0,0.0
727,0.07246376811594202,0.5,0.5,0.25,1.0,1.0,1.0,1.0,0.0,1.0,1.0,0.5,1.0
728,0.24154589371980673,0.5,0.5,0.25,1.0,1.0,1.0,1.0,0.0,1.0,1.0,0.5,1.0
729,0.12560386473429952,0.5,0.5,0.25,1.0,1.0,1.0,1.0,0.0,1.0,1.0,0.5,1.0
730,0.09178743961352653,0.5,0.5,0.25,1.0,1.0,1.0,1.0,0.0,1.0,1.0,0.5,1.0
731,0.24637681159420288,1.0,1.0,1.0,0.5,0.0,0.0,0.0,1.0,1.0,1.0,1.0,1.0
732,0.15942028985507245,1.0,1.0,1.0,0.5,0.0,0.0,0.0,1.0,1.0,1.0,1.0,1.0
733,0.13526570048309178,0.5,0.5,0.0,0.0,1.0,1.0,1.0,1.0,1.0,1.0,0.0,0.0
734,0.14009661835748793,0.5,0.5,0.0,0.0,1.0,1.0,1.0,1.0,1.0,1.0,0.0,0.0
735,0.1111111111111111,1.0,1.0,0.5,1.0,0.0,0.0,0.0,0.0,1.0,1.0,0.0,1.0
736,0.15942028985507245,1.0,1.0,0.5,1.0,0.0,0.0,0.0,0.0,1.0,1.0,0.0,1.0
737,0.06280193236714976,0.5,0.5,0.5,0.0,0.0,0.0,0.5,1.0,0.0,0.0,0.5,0.0
738,0.2946859903381642,0.0,0.5,1.0,0.5,1.0,0.0,0.0,1.0,0.0,0.0,1.0,1.0
739,0.1497584541062802,0.0,0.5,1.0,0.5,1.0,0.0,0.0,1.0,0.0,0.0,1.0,1.0
740,0.23188405797101452,0.0,0.5,1.0,0.5,1.0,0.0,0.0,1.0,0.0,0.0,1.0,1.0
741,0.13043478260869562,1.0,1.0,0.5,0.0,0.0,0.0,0.0,1.0,1.0,1.0,0.0,0.0
742,0.13526570048309178,1.0,1.0,0.5,0.0,0.0,0.0,0.0,1.0,1.0,1.0,0.0,0.0
743,0.09661835748792269,0.5,0.5,0.5,1.0,1.0,1.0,0.0,0.0,1.0,1.0,0.0,1.0
744,0.12560386473429952,0.5,0.5,0.5,1.0,1.0,1.0,0.0,0.0,1.0,1.0,0.0,1.0
745,0.13043478260869562,0.5,0.5,0.75,1.0,0.0,0.0,0.5,0.0,0.0,0.0,1.0,1.0
746,0.1497584541062802,0.5,0.5,0.75,1.0,0.0,0.0,0.5,0.0,0.0,0.0,1.0,1.0
747,0.10628019323671495,1.0,0.5,0.25,0.0,0.0,0.0,1.0,1.0,1.0,0.0,0.5,0.0
748,0.19806763285024154,1.0,0.5,0.25,0.0,0.0,0.0,1.0,1.0,1.0,0.0,0.5,0.0
749,0.12560386473429952,1.0,0.5,0.25,0.0,0.0,0.0,1.0,1.0,1.0,0.0,0.5,0.0
750,0.12560386473429952,0.5,0.0,0.75,1.0,0.0,1.0,0.0,0.0,0.0,0.0,0.5,1.0
751,0.13043478260869562,0.5,0.0,0.5,0.0,1.0,1.0,1.0,1.0,1.0,0.0,1.0,0.0
752,0.08695652173913043,0.5,0.0,0.5,0.0,1.0,1.0,1.0,1.0,1.0,0.0,1.0,0.0
753,0.10628019323671495,0.5,1.0,0.5,1.0,0.0,0.0,1.0,0.0,0.0,1.0,1.0,1.0
754,0.1642512077294686,0.5,1.0,0.5,1.0,0.0,0.0,1.0,0.0,0.0,1.0,1.0,1.0
755,0.13526570048309178,0.5,0.5,0.75,0.0,0.0,0.0,0.0,1.0,0.0,0.0,0.5,0.0
756,0.1111111111111111,0.5,0.5,0.75,0.0,0.0,0.0,0.0,1.0,0.0,0.0,0.5,0.0
757,0.08212560386473428,0.5,0.5,0.75,0.5,0.0,1.0,0.5,0.0,0.0,1.0,1.0,0.0
758,0.028985507246376774,0.5,1.0,0.5,0.5,1.0,0.0,0.5,0.0,1.0,1.0,0.5,0.0
759,0.08212560386473428,0.5,0.0,0.5,1.0,0.0,1.0,0.5,0.0,0.0,0.0,0.5,1.0
760,0.07729468599033817,0.5,0.5,0.25,0.0,0.0,0.0,0.5,1.0,0.0,0.0,0.0,0.0
761,0.10144927536231885,0.5,0.5,0.25,0.0,0.0,0.0,0.5,1.0,0.0,0.0,0.0,0.0
762,0.13526570048309178,0.5,0.5,0.25,0.0,0.0,0.0,0.5,1.0,0.0,0.0,0.0,0.0
763,0.08695652173913043,0.5,0.5,0.25,0.0,0.0,0.0,0.5,1.0,0.0,0.0,0.0,0.0
764,0.12077294685990336,0.5,0.5,0.25,0.0,0.0,0.0,0.5,1.0,0.0,0.0,0.0,0.0
765,0.12560386473429952,0.5,0.5,0.5,0.0,0.0,0.0,1.0,1.0,0.0,0.0,1.0,0.0
766,0.09178743961352653,0.5,0.5,0.5,0.0,0.0,0.0,1.0,1.0,0.0,0.0,1.0,0.0
767,0.0579710144927536,1.0,1.0,0.5,0.5,0.0,0.0,0.5,0.0,1.0,1.0,0.5,0.0
768,0.053140096618357446,1.0,1.0,0.5,0.5,0.0,0.0,0.5,0.0,1.0,1.0,0.5,0.0
769,0.024154589371980673,1.0,1.0,0.5,0.5,0.0,0.0,0.5,0.0,1.0,1.0,0.5,0.0
770,0.03864734299516909,1.0,1.0,0.5,0.5,0.0,0.0,0.5,0.0,1.0,1.0,0.5,0.0
771,0.07729468599033817,0.0,0.5,0.75,0.5,1.0,1.0,0.5,0.0,0.0,1.0,1.0,0.0
772,0.09178743961352653,0.0,0.0,0.75,0.0,1.0,1.0,0.0,1.0,0.0,0.0,0.5,0.0
773,0.019323671497584516,0.5,0.0,0.5,0.5,0.0,1.0,1.0,0.0,0.0,0.0,1.0,0.0
774,0.04347826086956519,0.5,0.0,0.5,0.5,0.0,1.0,1.0,0.0,0.0,0.0,1.0,0.0
775,0.03381642512077293,0.5,0.0,0.5,0.5,0.0,1.0,1.0,0.0,0.0,0.0,1.0,0.0
776,0.2028985507246377,0.0,0.5,0.25,0.5,1.0,0.0,0.5,1.0,0.0,0.0,0.0,1.0
777,0.18357487922705312,0.0,0.5,0.25,0.5,1.0,0.0,0.5,1.0,0.0,0.0,0.0,1.0
778,0.15942028985507245,0.5,0.0,1.0,0.0,1.0,1.0,0.0,1.0,1.0,0.0,1.0,0.0
779,0.2125603864734299,0.5,0.0,1.0,0.0,1.0,1.0,0.0,1.0,1.0,0.0,1.0,0.0
780,0.12560386473429952,0.5,0.0,1.0,0.0,1.0,1.0,0.0,1.0,1.0,0.0,1.0,0.0
781,0.1642512077294686,0.5,0.0,1.0,0.0,1.0,1.0,0.0,1.0,1.0,0.0,1.0,0.0
782,0.22705314009661837,1.0,0.5,0.75,0.5,0.0,1.0,0.0,1.0,1.0,1.0,0.5,1.0
783,0.13526570048309178,0.0,0.5,0.5,0.5,1.0,0.0,1.0,1.0,0.0,0.0,1.0,1.0
784,0.1690821256038647,0.0,0.5,0.5,0.5,1.0,0.0,1.0,1.0,0.0,0.0,1.0,1.0
785,0.1690821256038647,0.5,1.0,0.5,0.5,0.0,0.0,1.0,1.0,0.0,1.0,1.0,1.0
786,0.22705314009661837,1.0,0.0,0.25,0.5,0.0,1.0,0.5,1.0,1.0,0.0,0.0,1.0
787,0.09178743961352653,0.0,0.0,0.25,0.0,1.0,1.0,0.5,1.0,0.0,0.0,0.0,0.0
788,0.17391304347826086,0.0,0.0,0.25,0.0,1.0,1.0,0.5,1.0,0.0,0.0,0.0,0.0
789,0.14009661835748793,0.5,1.0,1.0,1.0,0.0,0.0,0.0,0.0,0.0,1.0,1.0,1.0
790,0.12077294685990336,0.5,1.0,1.0,1.0,0.0,0.0,0.0,0.0,0.0,1.0,1.0,1.0
791,0.1111111111111111,1.0,0.0,0.25,0.0,0.0,1.0,1.0,1.0,1.0,0.0,0.5,0.0
792,0.10144927536231885,1.0,0.0,0.25,0.0,0.0,1.0,1.0,1.0,1.0,0.0,0.5,0.0
793,0.2125603864734299,1.0,0.0,0.25,0.0,0.0,1.0,1.0,1.0,1.0,0.0,0.5,0.0
794,0.014492753623188415,0.5,0.5,1.0,0.5,1.0,0.0,0.0,0.0,1.0,0.0,1.0,0.0
795,0.0579710144927536,0.5,0.5,1.0,0.5,1.0,0.0,0.0,0.0,1.0,0.0,1.0,0.0
796,0.2222222222222222,0.5,0.0,0.0,0.5,0.0,1.0,1.0,1.0,0.0,0.0,0.0,1.0
797,0.17391304347826086,0.5,0.0,0.0,0.5,0.0,1.0,1.0,1.0,0.0,0.0,0.0,1.0
798,0.25120772946859904,0.5,0.0,0.0,0.5,0.0,1.0,1.0,1.0,0.0,0.0,0.0,1.0
799,0.10144927536231885,0.5,1.0,0.5,0.0,1.0,0.0,0.0,1.0,1.0,1.0,0.0,0.0
800,0.8985507246376812,0.5,1.0,0.5,0.0,1.0,0.0,0.0,1.0,1.0,1.0,0.0,0.0
801,0.04347826086956519,1.0,0.0,1.0,0.5,0.0,1.0,0.0,0.0,1.0,0.0,1.0,0.0
802,0.07246376811594202,1.0,0.0,1.0,0.5,0.0,1.0,0.0,0.0,1.0,0.0,1.0,0.0
803,0.009661835748792258,1.0,0.0,1.0,0.5,0.0,1.0,0.0,0.0,1.0,0.0,1.0,0.0
804,0.15942028985507245,1.0,0.5,1.0,0.0,0.0,1.0,0.0,1.0,1.0,1.0,1.0,0.0
805,0.10628019323671495,1.0,0.5,1.0,0.0,0.0,1.0,0.0,1.0,1.0,1.0,1.0,0.0
806,0.07729468599033817,0.5,0.5,0.75,0.0,0.0,1.0,0.0,1.0,0.0,1.0,0.5,0.0
807,0.17391304347826086,0.5,0.5,0.75,0.0,0.0,1.0,0.0,1.0,0.0,1.0,0.5,0.0
808,0.13043478260869562,0.5,0.5,0.75,0.0,0.0,1.0,0.0,1.0,0.0,1.0,0.5,0.0
809,0.26086956521739124,0.5,0.5,0.0,0.5,1.0,1.0,1.0,1.0,1.0,1.0,0.0,1.0
810,0.22705314009661837,0.5,0.5,0.0,0.5,1.0,1.0,1.0,1.0,1.0,1.0,0.0,1.0
811,0.12077294685990336,0.5,0.5,1.0,0.0,1.0,1.0,0.0,1.0,1.0,1.0,1.0,0.0
812,0.1159420289855072,0.5,0.5,0.25,1.0,1.0,0.0,1.0,0.0,1.0,0.0,0.5,1.0
813,0.17391304347826086,0.5,0.5,0.25,1.0,1.0,0.0,1.0,0.0,1.0,0.0,0.5,1.0
814,0.12560386473429952,0.5,0.5,0.0,0.5,1.0,0.0,1.0,1.0,1.0,0.0,0.0,1.0
815,0.23671497584541057,0.5,0.5,0.0,0.5,1.0,0.0,1.0,1.0,1.0,0.0,0.0,1.0
816,0.15942028985507245,0.5,0.5,0.0,0.5,1.0,0.0,1.0,1.0,1.0,0.0,0.0,1.0
817,0.15942028985507245,0.5,1.0,0.25,0.5,0.0,0.0,1.0,1.0,0.0,1.0,0.5,1.0
818,0.24637681159420288,0.5,1.0,0.25,0.5,0.0,0.0,1.0,1.0,0.0,1.0,0.5,1.0
819,0.08695652173913043,0.5,0.0,0.5,0.0,0.0,1.0,0.5,1.0,0.0,0.0,0.5,0.0
820,0.21739130434782605,0.5,0.0,0.5,0.0,0.0,1.0,0.5,1.0,0.0,0.0,0.5,0.0
821,0.08212560386473428,0.5,0.5,0.25,0.5,0.0,1.0,0.5,0.0,0.0,1.0,0.0,0.0
822,0.0579710144927536,1.0,0.5,0.75,0.5,0.0,1.0,0.0,0.0,1.0,1.0,0.5,0.0
823,0.09661835748792269,0.0,0.5,0.25,1.0,1.0,1.0,0.5,0.0,0.0,1.0,0.0,1.0
824,0.12077294685990336,0.0,0.5,0.25,1.0,1.0,1.0,0.5,0.0,0.0,1.0,0.0,1.0
825,0.1111111111111111,0.5,0.0,0.5,0.5,0.0,1.0,0.0,1.0,0.0,0.0,0.0,1.0
826,0.27053140096618356,0.5,0.0,0.5,0.5,0.0,1.0,0.0,1.0,0.0,0.0,0.0,1.0
827,0.09178743961352653,0.5,0.5,0.25,0.5,1.0,1.0,0.5,0.0,1.0,1.0,0.0,0.0
828,0.053140096618357446,0.5,0.5,0.25,0.5,1.0,1.0,0.5,0.0,1.0,1.0,0.0,0.0
829,0.048309178743961345,0.5,0.5,0.25,0.5,1.0,1.0,0.5,0.0,1.0,1.0,0.0,0.0
830,0.32367149758454106,0.5,1.0,0.75,0.5,1.0,0.0,0.0,1.0,1.0,1.0,0.5,1.0
831,0.20772946859903385,0.5,1.0,0.75,0.5,1.0,0.0,0.0,1.0,1.0,1.0,0.5,1.0
832,0.1642512077294686,0.5,0.5,0.25,0.5,1.0,0.0,0.5,1.0,1.0,0.0,0.0,1.0
833,0.20772946859903385,0.5,0.5,0.25,0.5,1.0,0.0,0.5,1.0,1.0,0.0,0.0,1.0
834,0.12560386473429952,0.5,0.0,0.75,1.0,1.0,1.0,0.5,0.0,1.0,0.0,1.0,1.0
835,0.09661835748792269,1.0,0.5,0.75,1.0,0.0,1.0,0.5,0.0,1.0,1.0,1.0,1.0
836,0.10144927536231885,1.0,0.5,0.75,1.0,0.0,1.0,0.5,0.0,1.0,1.0,1.0,1.0
837,0.07729468599033817,1.0,0.5,0.75,1.0,0.0,1.0,0.5,0.0,1.0,1.0,1.0,1.0
838,0.13043478260869562,1.0,0.5,0.75,1.0,0.0,1.0,0.5,0.0,1.0,1.0,1.0,1.0
839,0.12560386473429952,0.0,0.5,0.0,0.5,1.0,1.0,1.0,0.0,0.0,1.0,0.0,0.0
840,0.14009661835748793,1.0,0.5,0.25,1.0,0.0,0.0,0.5,0.0,1.0,0.0,0.0,1.0
841,0.13526570048309178,1.0,0.5,0.25,1.0,0.0,0.0,0.5,0.0,1.0,0.0,0.0,1.0
842,0.14492753623188404,1.0,0.5,0.25,1.0,0.0,0.0,0.5,0.0,1.0,0.0,0.0,1.0
843,0.9806763285024154,0.0,0.5,0.75,0.5,1.0,0.0,0.0,1.0,0.0,0.0,0.5,1.0
844,0.2222222222222222,0.5,0.0,0.25,0.5,0.0,1.0,1.0,1.0,0.0,0.0,0.5,1.0
845,0.14009661835748793,0.5,0.0,0.25,0.5,0.0,1.0,1.0,1.0,0.0,0.0,0.5,1.0
846,0.2657004830917874,0.5,0.0,0.25,0.5,0.0,1.0,1.0,1.0,0.0,0.0,0.5,1.0
847,0.2028985507246377,0.5,0.0,0.25,0.5,0.0,1.0,1.0,1.0,0.0,0.0,0.5,1.0
848,0.18357487922705312,1.0,1.0,0.5,0.5,0.0,0.0,0.5,1.0,1.0,1.0,0.5,1.0
849,0.17874396135265697,1.0,1.0,0.5,0.5,0.0,0.0,0.5,1.0,1.0,1.0,0.5,1.0
850,0.2125603864734299,0.0,0.0,0.25,0.5,1.0,1.0,1.0,1.0,0.0,0.0,0.5,1.0
851,0.19323671497584538,1.0,0.0,1.0,0.0,0.0,1.0,0.0,1.0,1.0,0.0,1.0,0.0
852,0.1642512077294686,1.0,0.0,1.0,0.0,0.0,1.0,0.0,1.0,1.0,0.0,1.0,0.0
853,0.03381642512077293,0.5,0.5,0.75,0.5,1.0,0.0,0.5,0.0,1.0,0.0,1.0,0.0
854,0.0579710144927536,0.5,0.5,0.75,0.5,1.0,0.0,0.5,0.0,1.0,0.0,1.0,0.0
855,0.09178743961352653,0.5,0.5,0.75,0.5,1.0,0.0,0.5,0.0,1.0,0.0,1.0,0.0
856,0.024154589371980673,0.0,1.0,0.0,0.5,1.0,0.0,1.0,0.0,0.0,1.0,0.0,0.0
857,0.1545893719806763,0.5,0.5,0.0,1.0,0.0,1.0,1.0,0.0,0.0,1.0,0.0,1.0
858,0.14492753623188404,0.5,0.5,0.5,0.0,0.0,1.0,0.5,1.0,0.0,1.0,0.5,0.0
859,0.18357487922705312,0.5,0.5,0.5,0.0,0.0,1.0,0.5,1.0,0.0,1.0,0.5,0.0
860,0.17874396135265697,1.0,0.5,0.5,0.0,0.0,1.0,0.0,1.0,1.0,1.0,0.0,0.0
861,0.15942028985507245,0.5,1.0,0.5,0.0,1.0,0.0,0.5,1.0,1.0,1.0,0.5,0.0
862,0.2028985507246377,0.5,1.0,0.5,0.0,1.0,0.0,0.5,1.0,1.0,1.0,0.5,0.0
863,0.1497584541062802,0.5,0.0,0.5,0.5,1.0,1.0,0.0,1.0,1.0,0.0,0.0,1.0
864,0.9565217391304348,0.5,0.0,0.5,0.5,1.0,1.0,0.0,1.0,1.0,0.0,0.0,1.0
865,0.019323671497584516,0.5,1.0,1.0,0.5,0.0,0.0,0.0,0.0,0.0,1.0,1.0,0.0
866,0.07246376811594202,0.5,1.0,1.0,0.5,0.0,0.0,0.0,0.0,0.0,1.0,1.0,0.0
867,0.04347826086956519,0.5,1.0,1.0,0.5,0.0,0.0,0.0,0.0,0.0,1.0,1.0,0.0
868,0.14009661835748793,0.0,0.0,0.5,1.0,1.0,1.0,0.5,0.0,0.0,0.0,0.5,1.0
869,0.08212560386473428,0.0,0.0,0.5,1.0,1.0,1.0,0.5,0.0,0.0,0.0,0.5,1.0
870,0.13043478260869562,0.0,0.0,0.5,1.0,1.0,1.0,0.5,0.0,0.0,0.0,0.5,1.0
871,0.17391304347826086,0.0,0.0,0.5,1.0,1.0,1.0,0.5,0.0,0.0,0.0,0.5,1.0
872,0.23671497584541057,0.5,1.0,0.25,0.5,1.0,0.0,0.5,1.0,1.0,1.0,0.0,1.0
873,0.3526570048309179,0.5,1.0,0.25,0.5,1.0,0.0,0.5,1.0,1.0,1.0,0.0,1.0
874,0.22705314009661837,0.5,1.0,0.25,0.5,1.0,0.0,0.5,1.0,1.0,1.0,0.0,1.0
875,0.2995169082125604,0.5,1.0,0.25,0.5,1.0,0.0,0.5,1.0,1.0,1.0,0.0,1.0
876,0.18357487922705312,0.5,1.0,0.25,0.5,1.0,0.0,0.5,1.0,1.0,1.0,0.0,1.0
877,0.04347826086956519,0.0,0.5,0.75,0.5,1.0,0.0,0.0,0.0,0.0,0.0,0.5,0.0
878,0.19323671497584538,1.0,0.5,0.5,0.5,0.0,0.0,0.5,1.0,1.0,0.0,0.5,1.0
879,0.23188405797101452,1.0,0.5,0.5,0.5,0.0,0.0,0.5,1.0,1.0,0.0,0.5,1.0
880,0.18357487922705312,1.0,0.5,0.5,0.5,0.0,0.0,0.5,1.0,1.0,0.0,0.5,1.0
881,0.0579710144927536,0.0,0.0,0.75,0.5,1.0,1.0,0.5,0.0,0.0,0.0,1.0,0.0
882,0.09661835748792269,0.0,0.0,0.75,0.5,1.0,1.0,0.5,0.0,0.0,0.0,1.0,0.0
883,0.08695652173913043,0.0,0.0,0.75,0.5,1.0,1.0,0.5,0.0,0.0,0.0,1.0,0.0
884,0.07729468599033817,1.0,0.0,0.5,0.5,0.0,1.0,0.5,0.0,1.0,0.0,0.5,0.0
885,0.004830917874396101,1.0,0.0,0.5,0.5,0.0,1.0,0.5,0.0,1.0,0.0,0.5,0.0
886,0.04347826086956519,0.5,0.0,0.75,0.5,0.0,1.0,0.5,0.0,0.0,0.0,1.0,0.0
887,0.053140096618357446,0.5,0.0,0.75,0.5,0.0,1.0,0.5,0.0,0.0,0.0,1.0,0.0
888,0.14009661835748793,0.5,0.0,0.75,1.0,0.0,1.0,0.5,0.0,0.0,0.0,1.0,1.0
889,0.14009661835748793,0.5,0.5,0.25,0.0,1.0,1.0,1.0,1.0,1.0,1.0,0.5,0.0
890,0.17874396135265697,0.5,0.5,0.25,0.0,1.0,1.0,1.0,1.0,1.0,1.0,0.5,0.0
891,0.24154589371980673,0.5,1.0,0.25,0.5,0.0,0.0,0.5,1.0,0.0,1.0,0.0,1.0
892,0.17874396135265697,1.0,0.0,1.0,0.5,0.0,1.0,0.0,1.0,1.0,0.0,1.0,1.0
893,0.2850241545893719,1.0,0.0,1.0,0.5,0.0,1.0,0.0,1.0,1.0,0.0,1.0,1.0
894,0.18357487922705312,1.0,0.5,0.25,0.5,0.0,1.0,1.0,1.0,1.0,1.0,0.5,1.0
895,0.10144927536231885,1.0,1.0,0.5,0.0,0.0,0.0,1.0,1.0,1.0,1.0,1.0,0.0
896,0.1111111111111111,0.5,0.5,0.5,0.0,1.0,1.0,1.0,1.0,1.0,1.0,1.0,0.0
897,0.14492753623188404,0.5,0.0,0.0,1.0,1.0,1.0,1.0,0.0,1.0,0.0,0.0,1.0
898,0.019323671497584516,0.5,1.0,0.5,0.5,0.0,0.0,1.0,0.0,0.0,1.0,1.0,0.0
899,0.08695652173913043,0.5,1.0,0.5,0.5,0.0,0.0,1.0,0.0,0.0,1.0,1.0,0.0
900,0.14009661835748793,0.0,1.0,0.75,1.0,1.0,0.0,0.0,0.0,0.0,1.0,0.5,1.0
901,0.08695652173913043,0.5,0.5,0.5,1.0,0.0,1.0,0.5,0.0,0.0,1.0,0.5,1.0
902,0.1690821256038647,0.5,0.5,0.5,1.0,0.0,1.0,0.5,0.0,0.0,1.0,0.5,1.0
903,0.12560386473429952,0.5,0.5,0.5,1.0,0.0,1.0,0.5,0.0,0.0,1.0,0.5,1.0
904,0.06280193236714976,0.5,1.0,0.75,0.5,1.0,0.0,0.5,0.0,1.0,1.0,1.0,0.0
905,0.1159420289855072,0.0,0.0,0.25,1.0,1.0,1.0,1.0,0.0,0.0,0.0,0.5,1.0
906,0.07729468599033817,0.0,0.0,0.25,1.0,1.0,1.0,1.0,0.0,0.0,0.0,0.5,1.0
907,0.14492753623188404,0.0,0.0,0.25,1.0,1.0,1.0,1.0,0.0,0.0,0.0,0.5,1.0
908,0.10628019323671495,1.0,0.5,0.25,1.0,0.0,1.0,1.0,0.0,1.0,1.0,0.5,1.0
909,0.1111111111111111,1.0,0.5,0.25,1.0,0.0,1.0,1.0,0.0,1.0,1.0,0.5,1.0
910,0.09178743961352653,0.0,0.0,0.5,0.0,1.0,1.0,1.0,1.0,0.0,0.0,1.0,0.0
911,0.1111111111111111,0.0,0.0,0.5,0.0,1.0,1.0,1.0,1.0,0.0,0.0,1.0,0.0
912,0.04347826086956519,0.5,1.0,0.0,0.5,0.0,0.0,1.0,0.0,0.0,1.0,0.0,0.0
913,0.06280193236714976,0.0,1.0,0.5,0.5,1.0,0.0,1.0,0.0,0.0,1.0,1.0,0.0
914,0.024154589371980673,0.0,1.0,0.5,0.5,1.0,0.0,1.0,0.0,0.0,1.0,1.0,0.0
915,0.004830917874396101,0.0,1.0,0.5,0.5,1.0,0.0,1.0,0.0,0.0,1.0,1.0,0.0
916,0.053140096618357446,0.0,1.0,1.0,0.5,1.0,0.0,0.0,0.0,0.0,1.0,1.0,0.0
917,0.03381642512077293,0.0,1.0,1.0,0.5,1.0,0.0,0.0,0.0,0.0,1.0,1.0,0.0
918,0.2028985507246377,0.0,0.5,0.5,0.0,1.0,0.0,1.0,1.0,0.0,0.0,1.0,0.0
919,0.03381642512077293,1.0,1.0,0.75,0.5,0.0,0.0,0.0,0.0,1.0,1.0,0.5,0.0
920,0.06763285024154586,1.0,1.0,0.75,0.5,0.0,0.0,0.0,0.0,1.0,1.0,0.5,0.0
921,0.028985507246376774,1.0,1.0,0.75,0.5,0.0,0.0,0.0,0.0,1.0,1.0,0.5,0.0
922,0.09178743961352653,1.0,1.0,0.75,0.5,0.0,0.0,0.0,0.0,1.0,1.0,0.5,0.0
923,0.18357487922705312,1.0,0.5,1.0,0.5,0.0,0.0,0.0,1.0,1.0,0.0,1.0,1.0
924,0.17391304347826086,1.0,0.5,1.0,0.5,0.0,0.0,0.0,1.0,1.0,0.0,1.0,1.0
925,0.10628019323671495,0.5,1.0,1.0,0.0,0.0,0.0,0.0,1.0,0.0,1.0,1.0,0.0
926,0.1111111111111111,0.5,1.0,1.0,0.0,0.0,0.0,0.0,1.0,0.0,1.0,1.0,0.0
927,0.12077294685990336,0.5,0.5,0.25,0.0,1.0,0.0,1.0,1.0,1.0,0.0,0.5,0.0
928,0.08212560386473428,0.5,0.5,0.75,0.5,0.0,1.0,0.0,0.0,0.0,1.0,0.5,0.0
929,0.0579710144927536,0.5,0.5,0.75,0.5,0.0,1.0,0.0,0.0,0.0,1.0,0.5,0.0
930,0.07729468599033817,1.0,0.0,0.75,0.5,0.0,1.0,0.0,0.0,1.0,0.0,0.5,0.0
931,0.06763285024154586,1.0,0.0,0.75,0.5,0.0,1.0,0.0,0.0,1.0,0.0,0.5,0.0
932,0.048309178743961345,1.0,0.0,0.75,0.5,0.0,1.0,0.0,0.0,1.0,0.0,0.5,0.0
933,0.053140096618357446,1.0,0.0,0.75,0.5,0.0,1.0,0.0,0.0,1.0,0.0,0.5,0.0
934,0.19323671497584538,0.5,0.0,0.75,0.5,1.0,1.0,0.0,1.0,1.0,0.0,0.5,1.0
935,0.23188405797101452,0.5,0.0,0.75,0.5,1.0,1.0,0.0,1.0,1.0,0.0,0.5,1.0
936,0.1159420289855072,0.5,0.0,0.25,0.5,1.0,1.0,0.5,0.0,1.0,0.0,0.0,0.0
937,0.06763285024154586,0.5,0.5,0.0,0.5,1.0,0.0,1.0,0.0,1.0,0.0,0.0,0.0
938,0.0579710144927536,0.5,0.5,0.0,0.5,1.0,0.0,1.0,0.0,1.0,0.0,0.0,0.0
939,0.009661835748792258,0.0,1.0,0.75,0.5,1.0,0.0,0.5,0.0,0.0,1.0,1.0,0.0
940,0.028985507246376774,0.0,1.0,0.75,0.5,1.0,0.0,0.5,0.0,0.0,1.0,1.0,0.0
941,0.19323671497584538,0.0,0.0,0.25,0.5,1.0,1.0,0.5,1.0,0.0,0.0,0.0,1.0
942,0.17874396135265697,0.0,0.0,0.75,1.0,1.0,1.0,0.5,0.0,0.0,0.0,1.0,1.0
943,0.2657004830917874,0.5,1.0,0.0,0.5,0.0,0.0,1.0,1.0,0.0,1.0,0.0,1.0
944,0.19806763285024154,0.5,1.0,0.0,0.5,0.0,0.0,1.0,1.0,0.0,1.0,0.0,1.0
945,0.12560386473429952,0.0,0.5,0.75,0.5,1.0,1.0,0.0,1.0,0.0,1.0,0.5,1.0
946,0.18840579710144928,0.0,0.5,0.75,0.5,1.0,1.0,0.0,1.0,0.0,1.0,0.5,1.0
947,0.1545893719806763,0.5,0.5,0.5,1.0,1.0,0.0,0.5,0.0,1.0,0.0,0.5,1.0
948,0.10628019323671495,0.5,0.5,0.5,1.0,1.0,0.0,0.5,0.0,1.0,0.0,0.5,1.0
949,0.10144927536231885,0.5,0.5,1.0,0.5,1.0,1.0,0.0,0.0,1.0,1.0,1.0,0.0
950,0.09178743961352653,0.5,0.5,0.25,0.0,0.0,0.0,1.0,1.0,0.0,0.0,0.5,0.0
951,0.10628019323671495,0.5,0.5,0.25,0.0,0.0,0.0,1.0,1.0,0.0,0.0,0.5,0.0
952,0.15942028985507245,0.5,0.5,0.25,0.0,0.0,0.0,1.0,1.0,0.0,0.0,0.5,0.0
953,0.14009661835748793,0.5,0.5,0.25,0.0,0.0,0.0,1.0,1.0,0.0,0.0,0.5,0.0
954,0.03381642512077293,1.0,0.5,0.75,0.5,0.0,0.0,0.5,0.0,1.0,0.0,1.0,0.0
955,0.04347826086956519,1.0,0.5,0.75,0.5,0.0,0.0,0.5,0.0,1.0,0.0,1.0,0.0
956,0.048309178743961345,1.0,0.5,0.75,0.5,0.0,0.0,0.5,0.0,1.0,0.0,1.0,0.0
957,0.20772946859903385,1.0,0.0,0.5,0.0,0.0,1.0,0.5,1.0,1.0,0.0,0.5,0.0
958,0.13526570048309178,0.0,1.0,0.0,0.0,1.0,0.0,1.0,1.0,0.0,1.0,0.0,0.0
959,0.1159420289855072,0.0,1.0,0.0,0.0,1.0,0.0,1.0,1.0,0.0,1.0,0.0,0.0
960,0.23188405797101452,0.0,0.0,1.0,0.5,1.0,1.0,0.0,1.0,0.0,0.0,1.0,1.0
961,0.20772946859903385,0.0,0.0,0.75,0.5,1.0,1.0,0.5,1.0,0.0,0.0,1.0,1.0
962,0.23671497584541057,0.0,0.0,0.75,0.5,1.0,1.0,0.5,1.0,0.0,0.0,1.0,1.0
963,0.13043478260869562,1.0,0.5,0.25,0.0,0.0,1.0,1.0,1.0,1.0,1.0,0.5,0.0
964,0.10628019323671495,1.0,0.5,0.25,0.0,0.0,1.0,1.0,1.0,1.0,1.0,0.5,0.0
965,0.15942028985507245,1.0,0.5,0.25,0.0,0.0,1.0,1.0,1.0,1.0,1.0,0.5,0.0
966,0.1111111111111111,1.0,0.5,0.25,0.5,0.0,0.0,0.5,0.0,1.0,0.0,0.0,0.0
967,0.024154589371980673,1.0,0.5,0.25,0.5,0.0,0.0,0.5,0.0,1.0,0.0,0.0,0.0
968,0.07246376811594202,0.5,0.5,0.0,1.0,1.0,0.0,1.0,0.0,1.0,0.0,0.0,1.0
969,0.07729468599033817,0.5,0.5,0.0,1.0,1.0,0.0,1.0,0.0,1.0,0.0,0.0,1.0
970,0.1497584541062802,0.5,0.0,0.25,0.0,0.0,1.0,0.5,1.0,0.0,0.0,0.0,0.0
971,0.1159420289855072,0.5,0.0,0.25,0.0,0.0,1.0,0.5,1.0,0.0,0.0,0.0,0.0
972,0.12560386473429952,0.5,0.0,0.25,0.0,0.0,1.0,0.5,1.0,0.0,0.0,0.0,0.0
973,0.20772946859903385,0.5,1.0,0.75,0.5,1.0,0.0,0.5,1.0,1.0,1.0,1.0,1.0
974,0.2028985507246377,0.5,1.0,0.75,0.5,1.0,0.0,0.5,1.0,1.0,1.0,1.0,1.0
975,0.19323671497584538,0.5,1.0,0.75,0.5,1.0,0.0,0.5,1.0,1.0,1.0,1.0,1.0
976,0.06280193236714976,0.5,0.0,1.0,0.5,0.0,1.0,0.0,0.0,0.0,0.0,1.0,0.0
977,0.03381642512077293,0.5,0.0,1.0,0.5,0.0,1.0,0.0,0.0,0.0,0.0,1.0,0.0
978,0.1545893719806763,0.5,0.5,0.5,1.0,0.0,0.0,1.0,0.0,0.0,0.0,1.0,1.0
979,0.14009661835748793,0.5,0.5,0.5,1.0,0.0,0.0,1.0,0.0,0.0,0.0,1.0,1.0
980,0.13043478260869562,0.5,0.5,0.5,1.0,0.0,0.0,1.0,0.0,0.0,0.0,1.0,1.0
981,0.20772946859903385,1.0,0.5,0.0,0.5,0.0,1.0,1.0,1.0,1.0,1.0,0.0,1.0
982,0.18357487922705312,0.0,1.0,1.0,0.5,1.0,0.0,0.0,1.0,0.0,1.0,1.0,1.0
983,0.048309178743961345,0.0,0.5,0.25,0.5,1.0,0.0,0.5,0.0,0.0,0.0,0.0,0.0
984,0.04347826086956519,0.0,0.5,0.25,0.5,1.0,0.0,0.5,0.0,0.0,0.0,0.0,0.0
985,0.13526570048309178,0.5,1.0,0.25,0.0,0.0,0.0,1.0,1.0,0.0,1.0,0.5,0.0
986,0.1690821256038647,0.5,0.5,0.5,1.0,0.0,1.0,1.0,0.0,0.0,1.0,1.0,1.0
987,0.1545893719806763,0.5,0.5,0.5,1.0,0.0,1.0,1.0,0.0,0.0,1.0,1.0,1.0
988,0.048309178743961345,0.5,1.0,0.5,0.5,1.0,0.0,0.0,0.0,1.0,1.0,0.0,0.0
989,0.03381642512077293,0.5,1.0,0.5,0.5,1.0,0.0,0.0,0.0,1.0,1.0,0.0,0.0
990,0.13043478260869562,0.5,0.5,0.75,0.5,1.0,0.0,0.5,1.0,1.0,0.0,1.0,1.0
991,0.17874396135265697,0.5,0.5,0.75,0.5,1.0,0.0,0.5,1.0,1.0,0.0,1.0,1.0
992,0.1159420289855072,0.5,1.0,0.75,0.0,1.0,0.0,0.0,1.0,1.0,1.0,0.5,0.0
993,0.18357487922705312,0.5,1.0,0.75,0.0,1.0,0.0,0.0,1.0,1.0,1.0,0.5,0.0
994,0.06763285024154586,0.5,1.0,0.75,0.0,1.0,0.0,0.0,1.0,1.0,1.0,0.5,0.0
995,0.14009661835748793,0.0,0.5,0.5,1.0,1.0,0.0,1.0,0.0,0.0,0.0,1.0,1.0
996,0.09178743961352653,0.5,1.0,0.0,1.0,0.0,0.0,1.0,0.0,0.0,1.0,0.0,1.0
997,0.17391304347826086,0.5,1.0,0.0,1.0,0.0,0.0,1.0,0.0,0.0,1.0,0.0,1.0
998,0.12077294685990336,0.5,1.0,0.0,1.0,0.0,0.0,1.0,0.0,0.0,1.0,0.0,1.0
999,0.12560386473429952,0.5,0.5,1.0,0.0,1.0,0.0,0.0,1.0,1.0,0.0,1.0,0.0
1000,0.1111111111111111,0.5,0.5,1.0,0.0,1.0,0.0,0.0,1.0,1.0,0.0,1.0,0.0
1001,0.09178743961352653,0.0,0.5,0.75,0.0,1.0,0.0,0.0,1.0,0.0,0.0,0.5,0.0
1002,0.893719806763285,0.0,0.5,0.75,0.0,1.0,0.0,0.0,1.0,0.0,0.0,0.5,0.0
1003,0.014492753623188415,0.5,1.0,0.5,0.5,0.0,0.0,0.0,0.0,0.0,1.0,0.0,0.0
1004,0.028985507246376774,0.5,0.0,0.0,0.5,0.0,1.0,1.0,0.0,0.0,0.0,0.0,0.0
1005,0.048309178743961345,0.5,0.0,0.0,0.5,0.0,1.0,1.0,0.0,0.0,0.0,0.0,0.0
1006,0.048309178743961345,1.0,0.5,0.5,1.0,0.0,1.0,0.5,0.0,1.0,1.0,0.5,1.0
1007,0.053140096618357446,1.0,0.5,1.0,0.5,0.0,1.0,0.0,0.0,1.0,1.0,1.0,0.0
1008,0.03381642512077293,1.0,0.5,1.0,0.5,0.0,1.0,0.0,0.0,1.0,1.0,1.0,0.0
1009,0.10144927536231885,0.0,0.5,0.25,0.0,1.0,1.0,1.0,1.0,0.0,1.0,0.5,0.0
1010,0.03864734299516909,0.0,0.5,0.25,0.5,1.0,0.0,1.0,0.0,0.0,0.0,0.5,0.0
1011,0.009661835748792258,1.0,0.5,0.75,0.5,0.0,0.0,0.0,0.0,1.0,0.0,0.5,0.0
1012,0.014492753623188415,0.0,1.0,0.25,0.5,1.0,0.0,0.5,0.0,0.0,1.0,0.0,0.0
1013,0.03864734299516909,0.0,1.0,0.25,0.5,1.0,0.0,0.5,0.0,0.0,1.0,0.0,0.0
1014,0.03864734299516909,0.0,0.0,0.5,0.5,1.0,1.0,0.0,0.0,0.0,0.0,0.0,0.0
1015,0.13043478260869562,0.0,0.0,0.5,0.5,1.0,1.0,0.0,0.0,0.0,0.0,0.0,0.0
1016,0.1111111111111111,0.5,0.0,0.0,1.0,0.0,1.0,1.0,0.0,0.0,0.0,0.0,1.0
1017,0.07246376811594202,0.5,0.5,0.75,0.5,0.0,0.0,0.5,0.0,0.0,0.0,1.0,0.0
1018,0.048309178743961345,1.0,0.5,0.5,0.5,0.0,0.0,0.5,0.0,1.0,0.0,0.5,0.0
1019,0.024154589371980673,0.5,1.0,0.75,0.5,0.0,0.0,0.5,0.0,0.0,1.0,1.0,0.0
1020,0.07729468599033817,0.5,1.0,0.75,0.5,0.0,0.0,0.5,0.0,0.0,1.0,1.0,0.0
1021,0.019323671497584516,0.5,0.0,0.25,0.5,0.0,1.0,0.5,0.0,0.0,0.0,0.0,0.0
1022,0.028985507246376774,0.5,0.0,0.25,0.5,0.0,1.0,0.5,0.0,0.0,0.0,0.0,0.0
1023,0.014492753623188415,0.0,0.5,0.5,0.5,1.0,0.0,1.0,0.0,0.0,0.0,1.0,0.0
1024,0.1690821256038647,0.5,0.5,0.5,0.0,1.0,0.0,1.0,1.0,1.0,0.0,1.0,0.0
1025,0.10144927536231885,0.0,0.5,0.75,1.0,1.0,1.0,0.5,0.0,0.0,1.0,1.0,1.0
1026,0.1545893719806763,0.0,1.0,0.75,1.0,1.0,0.0,0.5,0.0,0.0,1.0,1.0,1.0
1027,0.10628019323671495,0.5,0.5,0.0,0.5,1.0,1.0,1.0,0.0,1.0,1.0,0.0,0.0
1028,0.10144927536231885,0.0,1.0,0.75,0.0,1.0,0.0,0.0,1.0,0.0,1.0,0.5,0.0
1029,0.07729468599033817,0.0,1.0,1.0,0.0,1.0,0.0,0.0,1.0,0.0,1.0,1.0,0.0
1030,0.10628019323671495,1.0,0.5,0.5,1.0,0.0,0.0,0.5,0.0,1.0,0.0,0.5,1.0
1031,0.2222222222222222,1.0,0.5,0.75,0.5,0.0,0.0,0.5,1.0,1.0,0.0,1.0,1.0
1032,0.22705314009661837,1.0,0.5,0.75,0.5,0.0,0.0,0.5,1.0,1.0,0.0,1.0,1.0
1033,0.1690821256038647,0.0,0.5,0.5,0.0,1.0,0.0,0.5,1.0,0.0,0.0,0.5,0.0
1034,0.1159420289855072,0.0,0.5,0.25,0.0,1.0,0.0,0.5,1.0,0.0,0.0,0.0,0.0
1035,0.08695652173913043,1.0,0.5,0.5,0.0,0.0,0.0,1.0,1.0,1.0,0.0,1.0,0.0
1036,0.1111111111111111,0.5,0.5,0.75,0.5,1.0,1.0,0.5,0.0,1.0,1.0,1.0,0.0
1037,0.17391304347826086,0.5,0.5,0.75,1.0,1.0,1.0,0.5,0.0,1.0,1.0,1.0,1.0
